 0.1000000D+00 0.1752330D+34 0.1606660D+34 0.1447957D+34
 0.1006240D+00 0.1773720D+34 0.1626277D+34 0.1465641D+34
 0.1012519D+00 0.1795367D+34 0.1646130D+34 0.1483538D+34
 0.1018838D+00 0.1817275D+34 0.1666223D+34 0.1501651D+34
 0.1025195D+00 0.1839446D+34 0.1686557D+34 0.1519982D+34
 0.1031593D+00 0.1861885D+34 0.1707137D+34 0.1538534D+34
 0.1038030D+00 0.1884593D+34 0.1727964D+34 0.1557309D+34
 0.1044508D+00 0.1907574D+34 0.1749041D+34 0.1576310D+34
 0.1051026D+00 0.1930832D+34 0.1770373D+34 0.1595540D+34
 0.1057584D+00 0.1954369D+34 0.1791960D+34 0.1615001D+34
 0.1064184D+00 0.1978189D+34 0.1813808D+34 0.1634696D+34
 0.1070825D+00 0.2002295D+34 0.1835917D+34 0.1654628D+34
 0.1077507D+00 0.2026691D+34 0.1858293D+34 0.1674799D+34
 0.1084231D+00 0.2051379D+34 0.1880937D+34 0.1695213D+34
 0.1090997D+00 0.2076364D+34 0.1903853D+34 0.1715873D+34
 0.1097805D+00 0.2101649D+34 0.1927045D+34 0.1736780D+34
 0.1104655D+00 0.2127237D+34 0.1950514D+34 0.1757938D+34
 0.1111549D+00 0.2153132D+34 0.1974266D+34 0.1779351D+34
 0.1118485D+00 0.2179338D+34 0.1998302D+34 0.1801020D+34
 0.1125464D+00 0.2205857D+34 0.2022627D+34 0.1822950D+34
 0.1132488D+00 0.2232695D+34 0.2047243D+34 0.1845142D+34
 0.1139555D+00 0.2259854D+34 0.2072154D+34 0.1867601D+34
 0.1146666D+00 0.2287338D+34 0.2097364D+34 0.1890329D+34
 0.1153821D+00 0.2315151D+34 0.2122876D+34 0.1913329D+34
 0.1161021D+00 0.2343297D+34 0.2148693D+34 0.1936605D+34
 0.1168266D+00 0.2371780D+34 0.2174819D+34 0.1960160D+34
 0.1175556D+00 0.2400604D+34 0.2201258D+34 0.1983996D+34
 0.1182892D+00 0.2429772D+34 0.2228014D+34 0.2008119D+34
 0.1190274D+00 0.2459289D+34 0.2255089D+34 0.2032529D+34
 0.1197701D+00 0.2489159D+34 0.2282488D+34 0.2057232D+34
 0.1205175D+00 0.2519386D+34 0.2310215D+34 0.2082230D+34
 0.1212696D+00 0.2549974D+34 0.2338273D+34 0.2107527D+34
 0.1220263D+00 0.2580927D+34 0.2366667D+34 0.2133127D+34
 0.1227878D+00 0.2612249D+34 0.2395399D+34 0.2159032D+34
 0.1235540D+00 0.2643945D+34 0.2424475D+34 0.2185247D+34
 0.1243250D+00 0.2676020D+34 0.2453897D+34 0.2211775D+34
 0.1251008D+00 0.2708477D+34 0.2483671D+34 0.2238620D+34
 0.1258815D+00 0.2741320D+34 0.2513799D+34 0.2265785D+34
 0.1266670D+00 0.2774556D+34 0.2544287D+34 0.2293274D+34
 0.1274574D+00 0.2808187D+34 0.2575139D+34 0.2321091D+34
 0.1282528D+00 0.2842218D+34 0.2606358D+34 0.2349240D+34
 0.1290531D+00 0.2876655D+34 0.2637949D+34 0.2377724D+34
 0.1298584D+00 0.2911502D+34 0.2669916D+34 0.2406547D+34
 0.1306688D+00 0.2946763D+34 0.2702264D+34 0.2435714D+34
 0.1314842D+00 0.2982444D+34 0.2734997D+34 0.2465228D+34
 0.1323047D+00 0.3018549D+34 0.2768119D+34 0.2495094D+34
 0.1331303D+00 0.3055083D+34 0.2801635D+34 0.2525315D+34
 0.1339611D+00 0.3092051D+34 0.2835550D+34 0.2555895D+34
 0.1347970D+00 0.3129458D+34 0.2869867D+34 0.2586839D+34
 0.1356382D+00 0.3167309D+34 0.2904593D+34 0.2618151D+34
 0.1364846D+00 0.3205610D+34 0.2939731D+34 0.2649835D+34
 0.1373363D+00 0.3244365D+34 0.2975286D+34 0.2681896D+34
 0.1381933D+00 0.3283580D+34 0.3011263D+34 0.2714337D+34
 0.1390556D+00 0.3323259D+34 0.3047666D+34 0.2747163D+34
 0.1399234D+00 0.3363409D+34 0.3084502D+34 0.2780379D+34
 0.1407965D+00 0.3404035D+34 0.3121774D+34 0.2813988D+34
 0.1416751D+00 0.3445141D+34 0.3159488D+34 0.2847997D+34
 0.1425592D+00 0.3486735D+34 0.3197649D+34 0.2882408D+34
 0.1434488D+00 0.3528820D+34 0.3236261D+34 0.2917227D+34
 0.1443440D+00 0.3571404D+34 0.3275331D+34 0.2952459D+34
 0.1452447D+00 0.3614491D+34 0.3314863D+34 0.2988108D+34
 0.1461511D+00 0.3658087D+34 0.3354863D+34 0.3024178D+34
 0.1470631D+00 0.3702198D+34 0.3395335D+34 0.3060676D+34
 0.1479808D+00 0.3746831D+34 0.3436286D+34 0.3097605D+34
 0.1489042D+00 0.3791990D+34 0.3477721D+34 0.3134971D+34
 0.1498334D+00 0.3837683D+34 0.3519646D+34 0.3172779D+34
 0.1507684D+00 0.3883914D+34 0.3562065D+34 0.3211033D+34
 0.1517092D+00 0.3930691D+34 0.3604985D+34 0.3249739D+34
 0.1526559D+00 0.3978019D+34 0.3648411D+34 0.3288901D+34
 0.1536085D+00 0.4025905D+34 0.3692349D+34 0.3328526D+34
 0.1545671D+00 0.4074355D+34 0.3736806D+34 0.3368619D+34
 0.1555316D+00 0.4123375D+34 0.3781786D+34 0.3409184D+34
 0.1565022D+00 0.4172973D+34 0.3827295D+34 0.3450227D+34
 0.1574788D+00 0.4223153D+34 0.3873341D+34 0.3491753D+34
 0.1584615D+00 0.4273924D+34 0.3919929D+34 0.3533769D+34
 0.1594503D+00 0.4325292D+34 0.3967064D+34 0.3576279D+34
 0.1604453D+00 0.4377263D+34 0.4014754D+34 0.3619290D+34
 0.1614465D+00 0.4429844D+34 0.4063004D+34 0.3662806D+34
 0.1624540D+00 0.4483043D+34 0.4111821D+34 0.3706834D+34
 0.1634677D+00 0.4536866D+34 0.4161212D+34 0.3751380D+34
 0.1644878D+00 0.4591321D+34 0.4211182D+34 0.3796448D+34
 0.1655143D+00 0.4646413D+34 0.4261738D+34 0.3842046D+34
 0.1665471D+00 0.4702152D+34 0.4312888D+34 0.3888179D+34
 0.1675864D+00 0.4758543D+34 0.4364637D+34 0.3934853D+34
 0.1686322D+00 0.4815594D+34 0.4416992D+34 0.3982075D+34
 0.1696845D+00 0.4873313D+34 0.4469961D+34 0.4029850D+34
 0.1707433D+00 0.4931707D+34 0.4523550D+34 0.4078184D+34
 0.1718088D+00 0.4990784D+34 0.4577765D+34 0.4127085D+34
 0.1728809D+00 0.5050552D+34 0.4632615D+34 0.4176558D+34
 0.1739598D+00 0.5111017D+34 0.4688107D+34 0.4226610D+34
 0.1750453D+00 0.5172189D+34 0.4744246D+34 0.4277248D+34
 0.1761376D+00 0.5234074D+34 0.4801042D+34 0.4328477D+34
 0.1772368D+00 0.5296681D+34 0.4858500D+34 0.4380305D+34
 0.1783428D+00 0.5360018D+34 0.4916629D+34 0.4432738D+34
 0.1794557D+00 0.5424093D+34 0.4975436D+34 0.4485783D+34
 0.1805755D+00 0.5488915D+34 0.5034929D+34 0.4539447D+34
 0.1817023D+00 0.5554491D+34 0.5095114D+34 0.4593737D+34
 0.1828362D+00 0.5620830D+34 0.5156001D+34 0.4648660D+34
 0.1839771D+00 0.5687941D+34 0.5217596D+34 0.4704222D+34
 0.1851252D+00 0.5755832D+34 0.5279909D+34 0.4760432D+34
 0.1862804D+00 0.5824511D+34 0.5342945D+34 0.4817296D+34
 0.1874428D+00 0.5893988D+34 0.5406715D+34 0.4874821D+34
 0.1886125D+00 0.5964272D+34 0.5471225D+34 0.4933015D+34
 0.1897895D+00 0.6035371D+34 0.5536484D+34 0.4991886D+34
 0.1909738D+00 0.6107294D+34 0.5602501D+34 0.5051440D+34
 0.1921655D+00 0.6180051D+34 0.5669284D+34 0.5111686D+34
 0.1933647D+00 0.6253650D+34 0.5736840D+34 0.5172630D+34
 0.1945713D+00 0.6328101D+34 0.5805180D+34 0.5234282D+34
 0.1957855D+00 0.6403414D+34 0.5874311D+34 0.5296648D+34
 0.1970073D+00 0.6479597D+34 0.5944242D+34 0.5359737D+34
 0.1982366D+00 0.6556661D+34 0.6014982D+34 0.5423556D+34
 0.1994737D+00 0.6634615D+34 0.6086540D+34 0.5488114D+34
 0.2007184D+00 0.6713469D+34 0.6158925D+34 0.5553418D+34
 0.2019709D+00 0.6793233D+34 0.6232146D+34 0.5619478D+34
 0.2032313D+00 0.6873917D+34 0.6306213D+34 0.5686301D+34
 0.2044995D+00 0.6955530D+34 0.6381134D+34 0.5753895D+34
 0.2057756D+00 0.7038084D+34 0.6456918D+34 0.5822270D+34
 0.2070597D+00 0.7121588D+34 0.6533576D+34 0.5891433D+34
 0.2083518D+00 0.7206052D+34 0.6611117D+34 0.5961394D+34
 0.2096520D+00 0.7291488D+34 0.6689551D+34 0.6032161D+34
 0.2109602D+00 0.7377905D+34 0.6768886D+34 0.6103742D+34
 0.2122767D+00 0.7465315D+34 0.6849134D+34 0.6176148D+34
 0.2136013D+00 0.7553729D+34 0.6930304D+34 0.6249386D+34
 0.2149342D+00 0.7643156D+34 0.7012406D+34 0.6323466D+34
 0.2162755D+00 0.7733609D+34 0.7095451D+34 0.6398397D+34
 0.2176251D+00 0.7825098D+34 0.7179448D+34 0.6474189D+34
 0.2189831D+00 0.7917634D+34 0.7264407D+34 0.6550850D+34
 0.2203496D+00 0.8011229D+34 0.7350340D+34 0.6628390D+34
 0.2217246D+00 0.8105895D+34 0.7437257D+34 0.6706819D+34
 0.2231083D+00 0.8201642D+34 0.7525169D+34 0.6786147D+34
 0.2245005D+00 0.8298483D+34 0.7614085D+34 0.6866382D+34
 0.2259014D+00 0.8396429D+34 0.7704018D+34 0.6947535D+34
 0.2273111D+00 0.8495493D+34 0.7794977D+34 0.7029616D+34
 0.2287296D+00 0.8595685D+34 0.7886975D+34 0.7112635D+34
 0.2301569D+00 0.8697019D+34 0.7980022D+34 0.7196602D+34
 0.2315931D+00 0.8799507D+34 0.8074130D+34 0.7281527D+34
 0.2330383D+00 0.8903160D+34 0.8169309D+34 0.7367420D+34
 0.2344925D+00 0.9007992D+34 0.8265572D+34 0.7454292D+34
 0.2359558D+00 0.9114015D+34 0.8362930D+34 0.7542154D+34
 0.2374282D+00 0.9221242D+34 0.8461395D+34 0.7631015D+34
 0.2389098D+00 0.9329685D+34 0.8560978D+34 0.7720887D+34
 0.2404007D+00 0.9439357D+34 0.8661692D+34 0.7811781D+34
 0.2419008D+00 0.9550272D+34 0.8763548D+34 0.7903706D+34
 0.2434104D+00 0.9662443D+34 0.8866559D+34 0.7996675D+34
 0.2449293D+00 0.9775883D+34 0.8970737D+34 0.8090699D+34
 0.2464577D+00 0.9890605D+34 0.9076094D+34 0.8185788D+34
 0.2479957D+00 0.1000662D+35 0.9182644D+34 0.8281955D+34
 0.2495432D+00 0.1012395D+35 0.9290397D+34 0.8379210D+34
 0.2511004D+00 0.1024260D+35 0.9399368D+34 0.8477565D+34
 0.2526673D+00 0.1036259D+35 0.9509569D+34 0.8577031D+34
 0.2542440D+00 0.1048393D+35 0.9621013D+34 0.8677621D+34
 0.2558306D+00 0.1060664D+35 0.9733714D+34 0.8779346D+34
 0.2574270D+00 0.1073073D+35 0.9847683D+34 0.8882218D+34
 0.2590334D+00 0.1085621D+35 0.9962936D+34 0.8986250D+34
 0.2606498D+00 0.1098310D+35 0.1007948D+35 0.9091453D+34
 0.2622763D+00 0.1111141D+35 0.1019734D+35 0.9197840D+34
 0.2639130D+00 0.1124117D+35 0.1031652D+35 0.9305424D+34
 0.2655599D+00 0.1137237D+35 0.1043704D+35 0.9414216D+34
 0.2672170D+00 0.1150505D+35 0.1055891D+35 0.9524229D+34
 0.2688845D+00 0.1163921D+35 0.1068215D+35 0.9635477D+34
 0.2705624D+00 0.1177487D+35 0.1080676D+35 0.9747971D+34
 0.2722508D+00 0.1191204D+35 0.1093277D+35 0.9861726D+34
 0.2739497D+00 0.1205075D+35 0.1106019D+35 0.9976754D+34
 0.2756592D+00 0.1219100D+35 0.1118903D+35 0.1009307D+35
 0.2773794D+00 0.1233281D+35 0.1131931D+35 0.1021068D+35
 0.2791103D+00 0.1247620D+35 0.1145104D+35 0.1032961D+35
 0.2808520D+00 0.1262119D+35 0.1158424D+35 0.1044986D+35
 0.2826046D+00 0.1276779D+35 0.1171892D+35 0.1057146D+35
 0.2843681D+00 0.1291602D+35 0.1185509D+35 0.1069440D+35
 0.2861426D+00 0.1306589D+35 0.1199278D+35 0.1081872D+35
 0.2879282D+00 0.1321742D+35 0.1213200D+35 0.1094442D+35
 0.2897249D+00 0.1337063D+35 0.1227277D+35 0.1107152D+35
 0.2915329D+00 0.1352553D+35 0.1241509D+35 0.1120002D+35
 0.2933521D+00 0.1368215D+35 0.1255899D+35 0.1132995D+35
 0.2951827D+00 0.1384050D+35 0.1270448D+35 0.1146132D+35
 0.2970247D+00 0.1400059D+35 0.1285158D+35 0.1159415D+35
 0.2988782D+00 0.1416245D+35 0.1300031D+35 0.1172844D+35
 0.3007432D+00 0.1432609D+35 0.1315067D+35 0.1186422D+35
 0.3026200D+00 0.1449153D+35 0.1330270D+35 0.1200150D+35
 0.3045084D+00 0.1465879D+35 0.1345639D+35 0.1214029D+35
 0.3064086D+00 0.1482789D+35 0.1361178D+35 0.1228061D+35
 0.3083206D+00 0.1499884D+35 0.1376888D+35 0.1242248D+35
 0.3102446D+00 0.1517167D+35 0.1392770D+35 0.1256590D+35
 0.3121806D+00 0.1534639D+35 0.1408826D+35 0.1271090D+35
 0.3141287D+00 0.1552302D+35 0.1425058D+35 0.1285750D+35
 0.3160889D+00 0.1570158D+35 0.1441469D+35 0.1300570D+35
 0.3180614D+00 0.1588209D+35 0.1458058D+35 0.1315553D+35
 0.3200461D+00 0.1606457D+35 0.1474829D+35 0.1330700D+35
 0.3220433D+00 0.1624903D+35 0.1491783D+35 0.1346012D+35
 0.3240529D+00 0.1643551D+35 0.1508922D+35 0.1361492D+35
 0.3260751D+00 0.1662401D+35 0.1526248D+35 0.1377140D+35
 0.3281099D+00 0.1681457D+35 0.1543762D+35 0.1392960D+35
 0.3301573D+00 0.1700718D+35 0.1561467D+35 0.1408951D+35
 0.3322176D+00 0.1720189D+35 0.1579364D+35 0.1425117D+35
 0.3342907D+00 0.1739871D+35 0.1597455D+35 0.1441458D+35
 0.3363768D+00 0.1759765D+35 0.1615742D+35 0.1457977D+35
 0.3384758D+00 0.1779875D+35 0.1634228D+35 0.1474675D+35
 0.3405880D+00 0.1800201D+35 0.1652913D+35 0.1491554D+35
 0.3427133D+00 0.1820747D+35 0.1671800D+35 0.1508616D+35
 0.3448519D+00 0.1841513D+35 0.1690891D+35 0.1525862D+35
 0.3470039D+00 0.1862504D+35 0.1710188D+35 0.1543295D+35
 0.3491693D+00 0.1883719D+35 0.1729692D+35 0.1560915D+35
 0.3513482D+00 0.1905163D+35 0.1749407D+35 0.1578726D+35
 0.3535406D+00 0.1926836D+35 0.1769333D+35 0.1596728D+35
 0.3557468D+00 0.1948742D+35 0.1789473D+35 0.1614924D+35
 0.3579668D+00 0.1970881D+35 0.1809829D+35 0.1633316D+35
 0.3602005D+00 0.1993258D+35 0.1830403D+35 0.1651904D+35
 0.3624483D+00 0.2015873D+35 0.1851197D+35 0.1670692D+35
 0.3647100D+00 0.2038729D+35 0.1872213D+35 0.1689681D+35
 0.3669859D+00 0.2061828D+35 0.1893454D+35 0.1708874D+35
 0.3692760D+00 0.2085173D+35 0.1914920D+35 0.1728271D+35
 0.3715803D+00 0.2108766D+35 0.1936616D+35 0.1747875D+35
 0.3738991D+00 0.2132609D+35 0.1958542D+35 0.1767688D+35
 0.3762323D+00 0.2156704D+35 0.1980700D+35 0.1787711D+35
 0.3785801D+00 0.2181054D+35 0.2003094D+35 0.1807948D+35
 0.3809425D+00 0.2205662D+35 0.2025725D+35 0.1828399D+35
 0.3833196D+00 0.2230529D+35 0.2048595D+35 0.1849068D+35
 0.3857116D+00 0.2255659D+35 0.2071707D+35 0.1869955D+35
 0.3881186D+00 0.2281052D+35 0.2095062D+35 0.1891063D+35
 0.3905405D+00 0.2306713D+35 0.2118664D+35 0.1912394D+35
 0.3929776D+00 0.2332643D+35 0.2142514D+35 0.1933950D+35
 0.3954298D+00 0.2358845D+35 0.2166615D+35 0.1955733D+35
 0.3978974D+00 0.2385321D+35 0.2190969D+35 0.1977745D+35
 0.4003804D+00 0.2412073D+35 0.2215578D+35 0.1999988D+35
 0.4028788D+00 0.2439105D+35 0.2240444D+35 0.2022465D+35
 0.4053929D+00 0.2466419D+35 0.2265571D+35 0.2045178D+35
 0.4079226D+00 0.2494017D+35 0.2290960D+35 0.2068128D+35
 0.4104682D+00 0.2521902D+35 0.2316613D+35 0.2091318D+35
 0.4130296D+00 0.2550076D+35 0.2342534D+35 0.2114750D+35
 0.4156070D+00 0.2578542D+35 0.2368723D+35 0.2138426D+35
 0.4182004D+00 0.2607303D+35 0.2395185D+35 0.2162348D+35
 0.4208101D+00 0.2636361D+35 0.2421921D+35 0.2186519D+35
 0.4234360D+00 0.2665719D+35 0.2448934D+35 0.2210941D+35
 0.4260784D+00 0.2695379D+35 0.2476225D+35 0.2235616D+35
 0.4287372D+00 0.2725345D+35 0.2503799D+35 0.2260547D+35
 0.4314126D+00 0.2755618D+35 0.2531656D+35 0.2285735D+35
 0.4341047D+00 0.2786202D+35 0.2559800D+35 0.2311182D+35
 0.4368136D+00 0.2817099D+35 0.2588233D+35 0.2336892D+35
 0.4395394D+00 0.2848311D+35 0.2616958D+35 0.2362866D+35
 0.4422823D+00 0.2879842D+35 0.2645976D+35 0.2389107D+35
 0.4450422D+00 0.2911695D+35 0.2675292D+35 0.2415618D+35
 0.4478194D+00 0.2943871D+35 0.2704906D+35 0.2442399D+35
 0.4506139D+00 0.2976375D+35 0.2734823D+35 0.2469454D+35
 0.4534258D+00 0.3009208D+35 0.2765044D+35 0.2496785D+35
 0.4562553D+00 0.3042373D+35 0.2795571D+35 0.2524395D+35
 0.4591024D+00 0.3075873D+35 0.2826409D+35 0.2552286D+35
 0.4619673D+00 0.3109712D+35 0.2857558D+35 0.2580460D+35
 0.4648501D+00 0.3143891D+35 0.2889023D+35 0.2608919D+35
 0.4677508D+00 0.3178414D+35 0.2920804D+35 0.2637667D+35
 0.4706697D+00 0.3213283D+35 0.2952906D+35 0.2666705D+35
 0.4736068D+00 0.3248502D+35 0.2985331D+35 0.2696036D+35
 0.4765622D+00 0.3284073D+35 0.3018081D+35 0.2725662D+35
 0.4795361D+00 0.3319999D+35 0.3051159D+35 0.2755586D+35
 0.4825285D+00 0.3356283D+35 0.3084568D+35 0.2785811D+35
 0.4855395D+00 0.3392927D+35 0.3118311D+35 0.2816338D+35
 0.4885694D+00 0.3429936D+35 0.3152389D+35 0.2847171D+35
 0.4916182D+00 0.3467311D+35 0.3186807D+35 0.2878311D+35
 0.4946860D+00 0.3505056D+35 0.3221567D+35 0.2909762D+35
 0.4977729D+00 0.3543173D+35 0.3256671D+35 0.2941525D+35
 0.5008792D+00 0.3581666D+35 0.3292122D+35 0.2973604D+35
 0.5040048D+00 0.3620538D+35 0.3327923D+35 0.3006000D+35
 0.5071499D+00 0.3659790D+35 0.3364077D+35 0.3038717D+35
 0.5103146D+00 0.3699428D+35 0.3400586D+35 0.3071757D+35
 0.5134991D+00 0.3739452D+35 0.3437454D+35 0.3105122D+35
 0.5167034D+00 0.3779867D+35 0.3474683D+35 0.3138816D+35
 0.5199277D+00 0.3820675D+35 0.3512276D+35 0.3172840D+35
 0.5231722D+00 0.3861880D+35 0.3550235D+35 0.3207197D+35
 0.5264369D+00 0.3903484D+35 0.3588564D+35 0.3241890D+35
 0.5297220D+00 0.3945491D+35 0.3627265D+35 0.3276922D+35
 0.5330276D+00 0.3987903D+35 0.3666342D+35 0.3312294D+35
 0.5363538D+00 0.4030723D+35 0.3705796D+35 0.3348010D+35
 0.5397008D+00 0.4073955D+35 0.3745632D+35 0.3384072D+35
 0.5430686D+00 0.4117601D+35 0.3785851D+35 0.3420484D+35
 0.5464575D+00 0.4161665D+35 0.3826457D+35 0.3457246D+35
 0.5498675D+00 0.4206150D+35 0.3867452D+35 0.3494363D+35
 0.5532988D+00 0.4251058D+35 0.3908839D+35 0.3531836D+35
 0.5567515D+00 0.4296392D+35 0.3950622D+35 0.3569669D+35
 0.5602257D+00 0.4342157D+35 0.3992802D+35 0.3607864D+35
 0.5637217D+00 0.4388354D+35 0.4035384D+35 0.3646423D+35
 0.5672394D+00 0.4434987D+35 0.4078369D+35 0.3685350D+35
 0.5707791D+00 0.4482059D+35 0.4121761D+35 0.3724647D+35
 0.5743409D+00 0.4529573D+35 0.4165562D+35 0.3764316D+35
 0.5779249D+00 0.4577531D+35 0.4209776D+35 0.3804360D+35
 0.5815313D+00 0.4625938D+35 0.4254404D+35 0.3844783D+35
 0.5851602D+00 0.4674796D+35 0.4299451D+35 0.3885585D+35
 0.5888117D+00 0.4724108D+35 0.4344919D+35 0.3926771D+35
 0.5924860D+00 0.4773877D+35 0.4390811D+35 0.3968343D+35
 0.5961833D+00 0.4824106D+35 0.4437129D+35 0.4010304D+35
 0.5999036D+00 0.4874799D+35 0.4483877D+35 0.4052655D+35
 0.6036471D+00 0.4925957D+35 0.4531057D+35 0.4095401D+35
 0.6074140D+00 0.4977585D+35 0.4578673D+35 0.4138542D+35
 0.6112044D+00 0.5029685D+35 0.4626726D+35 0.4182083D+35
 0.6150184D+00 0.5082261D+35 0.4675221D+35 0.4226026D+35
 0.6188563D+00 0.5135315D+35 0.4724160D+35 0.4270373D+35
 0.6227181D+00 0.5188850D+35 0.4773545D+35 0.4315127D+35
 0.6266040D+00 0.5242869D+35 0.4823379D+35 0.4360290D+35
 0.6305141D+00 0.5297375D+35 0.4873666D+35 0.4405866D+35
 0.6344487D+00 0.5352372D+35 0.4924408D+35 0.4451856D+35
 0.6384078D+00 0.5407861D+35 0.4975608D+35 0.4498264D+35
 0.6423916D+00 0.5463847D+35 0.5027268D+35 0.4545092D+35
 0.6464002D+00 0.5520332D+35 0.5079392D+35 0.4592343D+35
 0.6504339D+00 0.5577318D+35 0.5131982D+35 0.4640019D+35
 0.6544928D+00 0.5634810D+35 0.5185041D+35 0.4688123D+35
 0.6585769D+00 0.5692809D+35 0.5238572D+35 0.4736657D+35
 0.6626866D+00 0.5751318D+35 0.5292577D+35 0.4785624D+35
 0.6668219D+00 0.5810341D+35 0.5347060D+35 0.4835026D+35
 0.6709830D+00 0.5869880D+35 0.5402022D+35 0.4884866D+35
 0.6751701D+00 0.5929938D+35 0.5457467D+35 0.4935147D+35
 0.6793833D+00 0.5990517D+35 0.5513397D+35 0.4985871D+35
 0.6836228D+00 0.6051622D+35 0.5569815D+35 0.5037040D+35
 0.6878888D+00 0.6113253D+35 0.5626723D+35 0.5088658D+35
 0.6921813D+00 0.6175414D+35 0.5684125D+35 0.5140725D+35
 0.6965007D+00 0.6238108D+35 0.5742022D+35 0.5193246D+35
 0.7008470D+00 0.6301338D+35 0.5800418D+35 0.5246221D+35
 0.7052205D+00 0.6365105D+35 0.5859314D+35 0.5299655D+35
 0.7096212D+00 0.6429413D+35 0.5918713D+35 0.5353548D+35
 0.7140494D+00 0.6494263D+35 0.5978619D+35 0.5407904D+35
 0.7185052D+00 0.6559660D+35 0.6039032D+35 0.5462724D+35
 0.7229888D+00 0.6625605D+35 0.6099957D+35 0.5518011D+35
 0.7275004D+00 0.6692100D+35 0.6161394D+35 0.5573768D+35
 0.7320402D+00 0.6759149D+35 0.6223347D+35 0.5629996D+35
 0.7366083D+00 0.6826753D+35 0.6285818D+35 0.5686699D+35
 0.7412049D+00 0.6894915D+35 0.6348809D+35 0.5743877D+35
 0.7458302D+00 0.6963637D+35 0.6412322D+35 0.5801533D+35
 0.7504843D+00 0.7032921D+35 0.6476360D+35 0.5859670D+35
 0.7551675D+00 0.7102771D+35 0.6540925D+35 0.5918289D+35
 0.7598799D+00 0.7173187D+35 0.6606019D+35 0.5977393D+35
 0.7646217D+00 0.7244173D+35 0.6671645D+35 0.6036983D+35
 0.7693931D+00 0.7315730D+35 0.6737804D+35 0.6097063D+35
 0.7741943D+00 0.7387860D+35 0.6804498D+35 0.6157632D+35
 0.7790255D+00 0.7460566D+35 0.6871730D+35 0.6218695D+35
 0.7838868D+00 0.7533849D+35 0.6939501D+35 0.6280252D+35
 0.7887784D+00 0.7607712D+35 0.7007814D+35 0.6342306D+35
 0.7937005D+00 0.7682155D+35 0.7076669D+35 0.6404858D+35
 0.7986534D+00 0.7757182D+35 0.7146070D+35 0.6467910D+35
 0.8036372D+00 0.7832794D+35 0.7216018D+35 0.6531464D+35
 0.8086520D+00 0.7908992D+35 0.7286515D+35 0.6595522D+35
 0.8136982D+00 0.7985778D+35 0.7357562D+35 0.6660085D+35
 0.8187759D+00 0.8063154D+35 0.7429161D+35 0.6725155D+35
 0.8238852D+00 0.8141122D+35 0.7501314D+35 0.6790733D+35
 0.8290264D+00 0.8219682D+35 0.7574022D+35 0.6856822D+35
 0.8341997D+00 0.8298837D+35 0.7647286D+35 0.6923422D+35
 0.8394053D+00 0.8378587D+35 0.7721109D+35 0.6990536D+35
 0.8446434D+00 0.8458934D+35 0.7795491D+35 0.7058163D+35
 0.8499141D+00 0.8539879D+35 0.7870434D+35 0.7126307D+35
 0.8552178D+00 0.8621423D+35 0.7945939D+35 0.7194968D+35
 0.8605545D+00 0.8703568D+35 0.8022007D+35 0.7264147D+35
 0.8659246D+00 0.8786313D+35 0.8098639D+35 0.7333846D+35
 0.8713281D+00 0.8869661D+35 0.8175837D+35 0.7404065D+35
 0.8767654D+00 0.8953612D+35 0.8253600D+35 0.7474806D+35
 0.8822366D+00 0.9038166D+35 0.8331931D+35 0.7546069D+35
 0.8877420D+00 0.9123325D+35 0.8410830D+35 0.7617857D+35
 0.8932817D+00 0.9209089D+35 0.8490298D+35 0.7690168D+35
 0.8988560D+00 0.9295458D+35 0.8570335D+35 0.7763005D+35
 0.9044650D+00 0.9382433D+35 0.8650942D+35 0.7836368D+35
 0.9101091D+00 0.9470014D+35 0.8732120D+35 0.7910258D+35
 0.9157884D+00 0.9558202D+35 0.8813869D+35 0.7984675D+35
 0.9215031D+00 0.9646996D+35 0.8896189D+35 0.8059620D+35
 0.9272535D+00 0.9736396D+35 0.8979080D+35 0.8135093D+35
 0.9330397D+00 0.9826403D+35 0.9062544D+35 0.8211094D+35
 0.9388621D+00 0.9917016D+35 0.9146579D+35 0.8287625D+35
 0.9447208D+00 0.1000823D+36 0.9231186D+35 0.8364685D+35
 0.9506161D+00 0.1010006D+36 0.9316365D+35 0.8442273D+35
 0.9565481D+00 0.1019249D+36 0.9402115D+35 0.8520392D+35
 0.9625172D+00 0.1028552D+36 0.9488436D+35 0.8599039D+35
 0.9685235D+00 0.1037916D+36 0.9575329D+35 0.8678215D+35
 0.9745673D+00 0.1047340D+36 0.9662791D+35 0.8757921D+35
 0.9806488D+00 0.1056824D+36 0.9750823D+35 0.8838155D+35
 0.9867683D+00 0.1066369D+36 0.9839425D+35 0.8918917D+35
 0.9929259D+00 0.1075973D+36 0.9928594D+35 0.9000207D+35
 0.9991220D+00 0.1085637D+36 0.1001833D+36 0.9082024D+35
 0.1005357D+01 0.1095361D+36 0.1010863D+36 0.9164367D+35
 0.1011630D+01 0.1105144D+36 0.1019950D+36 0.9247236D+35
 0.1017943D+01 0.1114987D+36 0.1029093D+36 0.9330630D+35
 0.1024295D+01 0.1124889D+36 0.1038293D+36 0.9414547D+35
 0.1030687D+01 0.1134850D+36 0.1047548D+36 0.9498988D+35
 0.1037119D+01 0.1144870D+36 0.1056860D+36 0.9583949D+35
 0.1043591D+01 0.1154948D+36 0.1066227D+36 0.9669431D+35
 0.1050103D+01 0.1165084D+36 0.1075650D+36 0.9755431D+35
 0.1056656D+01 0.1175279D+36 0.1085128D+36 0.9841948D+35
 0.1063250D+01 0.1185531D+36 0.1094661D+36 0.9928981D+35
 0.1069885D+01 0.1195841D+36 0.1104249D+36 0.1001653D+36
 0.1076561D+01 0.1206208D+36 0.1113892D+36 0.1010459D+36
 0.1083279D+01 0.1216632D+36 0.1123589D+36 0.1019315D+36
 0.1090039D+01 0.1227112D+36 0.1133340D+36 0.1028223D+36
 0.1096841D+01 0.1237649D+36 0.1143146D+36 0.1037181D+36
 0.1103685D+01 0.1248241D+36 0.1153004D+36 0.1046189D+36
 0.1110573D+01 0.1258889D+36 0.1162916D+36 0.1055248D+36
 0.1117503D+01 0.1269592D+36 0.1172881D+36 0.1064356D+36
 0.1124476D+01 0.1280349D+36 0.1182899D+36 0.1073514D+36
 0.1131493D+01 0.1291161D+36 0.1192968D+36 0.1082721D+36
 0.1138554D+01 0.1302026D+36 0.1203090D+36 0.1091976D+36
 0.1145659D+01 0.1312945D+36 0.1213263D+36 0.1101281D+36
 0.1152808D+01 0.1323916D+36 0.1223486D+36 0.1110633D+36
 0.1160002D+01 0.1334940D+36 0.1233761D+36 0.1120034D+36
 0.1167240D+01 0.1346016D+36 0.1244085D+36 0.1129482D+36
 0.1174524D+01 0.1357142D+36 0.1254460D+36 0.1138977D+36
 0.1181854D+01 0.1368320D+36 0.1264883D+36 0.1148518D+36
 0.1189229D+01 0.1379547D+36 0.1275355D+36 0.1158107D+36
 0.1196650D+01 0.1390824D+36 0.1285876D+36 0.1167741D+36
 0.1204117D+01 0.1402149D+36 0.1296444D+36 0.1177420D+36
 0.1211631D+01 0.1413523D+36 0.1307059D+36 0.1187144D+36
 0.1219192D+01 0.1424944D+36 0.1317720D+36 0.1196913D+36
 0.1226800D+01 0.1436412D+36 0.1328428D+36 0.1206726D+36
 0.1234455D+01 0.1447926D+36 0.1339181D+36 0.1216583D+36
 0.1242159D+01 0.1459486D+36 0.1349978D+36 0.1226482D+36
 0.1249910D+01 0.1471090D+36 0.1360820D+36 0.1236424D+36
 0.1257710D+01 0.1482738D+36 0.1371705D+36 0.1246407D+36
 0.1265558D+01 0.1494429D+36 0.1382633D+36 0.1256432D+36
 0.1273455D+01 0.1506163D+36 0.1393602D+36 0.1266498D+36
 0.1281402D+01 0.1517937D+36 0.1404613D+36 0.1276603D+36
 0.1289398D+01 0.1529752D+36 0.1415665D+36 0.1286748D+36
 0.1297444D+01 0.1541607D+36 0.1426756D+36 0.1296932D+36
 0.1305541D+01 0.1553501D+36 0.1437886D+36 0.1307154D+36
 0.1313688D+01 0.1565432D+36 0.1449054D+36 0.1317413D+36
 0.1321885D+01 0.1577400D+36 0.1460260D+36 0.1327709D+36
 0.1330134D+01 0.1589404D+36 0.1471502D+36 0.1338041D+36
 0.1338434D+01 0.1601443D+36 0.1482779D+36 0.1348409D+36
 0.1346787D+01 0.1613516D+36 0.1494091D+36 0.1358810D+36
 0.1355191D+01 0.1625621D+36 0.1505437D+36 0.1369245D+36
 0.1363647D+01 0.1637758D+36 0.1516816D+36 0.1379713D+36
 0.1372157D+01 0.1649925D+36 0.1528226D+36 0.1390213D+36
 0.1380719D+01 0.1662122D+36 0.1539667D+36 0.1400745D+36
 0.1389335D+01 0.1674347D+36 0.1551138D+36 0.1411306D+36
 0.1398005D+01 0.1686599D+36 0.1562638D+36 0.1421897D+36
 0.1406729D+01 0.1698877D+36 0.1574165D+36 0.1432516D+36
 0.1415507D+01 0.1711179D+36 0.1585719D+36 0.1443163D+36
 0.1424340D+01 0.1723505D+36 0.1597299D+36 0.1453836D+36
 0.1433229D+01 0.1735852D+36 0.1608902D+36 0.1464535D+36
 0.1442172D+01 0.1748220D+36 0.1620529D+36 0.1475259D+36
 0.1451172D+01 0.1760608D+36 0.1632178D+36 0.1486006D+36
 0.1460227D+01 0.1773014D+36 0.1643847D+36 0.1496775D+36
 0.1469340D+01 0.1785435D+36 0.1655536D+36 0.1507566D+36
 0.1478509D+01 0.1797873D+36 0.1667244D+36 0.1518377D+36
 0.1487735D+01 0.1810323D+36 0.1678968D+36 0.1529207D+36
 0.1497019D+01 0.1822786D+36 0.1690708D+36 0.1540056D+36
 0.1506360D+01 0.1835259D+36 0.1702462D+36 0.1550921D+36
 0.1515760D+01 0.1847741D+36 0.1714228D+36 0.1561802D+36
 0.1525219D+01 0.1860231D+36 0.1726007D+36 0.1572698D+36
 0.1534737D+01 0.1872727D+36 0.1737795D+36 0.1583607D+36
 0.1544314D+01 0.1885227D+36 0.1749592D+36 0.1594527D+36
 0.1553951D+01 0.1897729D+36 0.1761396D+36 0.1605459D+36
 0.1563648D+01 0.1910232D+36 0.1773206D+36 0.1616400D+36
 0.1573405D+01 0.1922734D+36 0.1785020D+36 0.1627349D+36
 0.1583223D+01 0.1935234D+36 0.1796837D+36 0.1638304D+36
 0.1593103D+01 0.1947729D+36 0.1808654D+36 0.1649265D+36
 0.1603044D+01 0.1960218D+36 0.1820471D+36 0.1660230D+36
 0.1613048D+01 0.1972698D+36 0.1832285D+36 0.1671198D+36
 0.1623114D+01 0.1985169D+36 0.1844095D+36 0.1682166D+36
 0.1633242D+01 0.1997628D+36 0.1855900D+36 0.1693134D+36
 0.1643434D+01 0.2010072D+36 0.1867697D+36 0.1704100D+36
 0.1653689D+01 0.2022502D+36 0.1879486D+36 0.1715063D+36
 0.1664009D+01 0.2034913D+36 0.1891263D+36 0.1726021D+36
 0.1674392D+01 0.2047304D+36 0.1903027D+36 0.1736972D+36
 0.1684841D+01 0.2059674D+36 0.1914777D+36 0.1747915D+36
 0.1695355D+01 0.2072019D+36 0.1926511D+36 0.1758848D+36
 0.1705934D+01 0.2084339D+36 0.1938226D+36 0.1769770D+36
 0.1716580D+01 0.2096630D+36 0.1949921D+36 0.1780678D+36
 0.1727291D+01 0.2108891D+36 0.1961594D+36 0.1791572D+36
 0.1738070D+01 0.2121119D+36 0.1973242D+36 0.1802449D+36
 0.1748916D+01 0.2133312D+36 0.1984865D+36 0.1813308D+36
 0.1759830D+01 0.2145469D+36 0.1996459D+36 0.1824146D+36
 0.1770811D+01 0.2157586D+36 0.2008023D+36 0.1834963D+36
 0.1781862D+01 0.2169661D+36 0.2019555D+36 0.1845756D+36
 0.1792981D+01 0.2181692D+36 0.2031052D+36 0.1856524D+36
 0.1804169D+01 0.2193676D+36 0.2042513D+36 0.1867264D+36
 0.1815428D+01 0.2205612D+36 0.2053935D+36 0.1877975D+36
 0.1826757D+01 0.2217497D+36 0.2065316D+36 0.1888654D+36
 0.1838156D+01 0.2229327D+36 0.2076654D+36 0.1899301D+36
 0.1849626D+01 0.2241102D+36 0.2087947D+36 0.1909912D+36
 0.1861168D+01 0.2252818D+36 0.2099192D+36 0.1920486D+36
 0.1872783D+01 0.2264472D+36 0.2110387D+36 0.1931021D+36
 0.1884469D+01 0.2276063D+36 0.2121531D+36 0.1941515D+36
 0.1896229D+01 0.2287587D+36 0.2132619D+36 0.1951965D+36
 0.1908062D+01 0.2299042D+36 0.2143651D+36 0.1962370D+36
 0.1919968D+01 0.2310426D+36 0.2154623D+36 0.1972728D+36
 0.1931949D+01 0.2321735D+36 0.2165534D+36 0.1983036D+36
 0.1944005D+01 0.2332967D+36 0.2176381D+36 0.1993293D+36
 0.1956136D+01 0.2344119D+36 0.2187161D+36 0.2003496D+36
 0.1968343D+01 0.2355189D+36 0.2197872D+36 0.2013642D+36
 0.1980626D+01 0.2366174D+36 0.2208512D+36 0.2023731D+36
 0.1992985D+01 0.2377070D+36 0.2219078D+36 0.2033758D+36
 0.2005422D+01 0.2387876D+36 0.2229567D+36 0.2043724D+36
 0.2017936D+01 0.2398588D+36 0.2239977D+36 0.2053624D+36
 0.2030529D+01 0.2409203D+36 0.2250305D+36 0.2063457D+36
 0.2043199D+01 0.2419719D+36 0.2260549D+36 0.2073220D+36
 0.2055949D+01 0.2430133D+36 0.2270706D+36 0.2082911D+36
 0.2068779D+01 0.2440442D+36 0.2280773D+36 0.2092528D+36
 0.2081689D+01 0.2450642D+36 0.2290748D+36 0.2102068D+36
 0.2094679D+01 0.2460732D+36 0.2300629D+36 0.2111530D+36
 0.2107750D+01 0.2470707D+36 0.2310411D+36 0.2120910D+36
 0.2120903D+01 0.2480566D+36 0.2320094D+36 0.2130206D+36
 0.2134138D+01 0.2490304D+36 0.2329673D+36 0.2139416D+36
 0.2147455D+01 0.2499920D+36 0.2339147D+36 0.2148537D+36
 0.2160856D+01 0.2509410D+36 0.2348512D+36 0.2157567D+36
 0.2174340D+01 0.2518770D+36 0.2357766D+36 0.2166503D+36
 0.2187908D+01 0.2527999D+36 0.2366906D+36 0.2175344D+36
 0.2201562D+01 0.2537093D+36 0.2375929D+36 0.2184086D+36
 0.2215300D+01 0.2546048D+36 0.2384832D+36 0.2192726D+36
 0.2229124D+01 0.2554863D+36 0.2393613D+36 0.2201264D+36
 0.2243034D+01 0.2563533D+36 0.2402269D+36 0.2209695D+36
 0.2257031D+01 0.2572056D+36 0.2410797D+36 0.2218017D+36
 0.2271115D+01 0.2580428D+36 0.2419194D+36 0.2226228D+36
 0.2285288D+01 0.2588647D+36 0.2427457D+36 0.2234326D+36
 0.2299548D+01 0.2596710D+36 0.2435583D+36 0.2242307D+36
 0.2313898D+01 0.2604613D+36 0.2443570D+36 0.2250170D+36
 0.2328337D+01 0.2612353D+36 0.2451415D+36 0.2257911D+36
 0.2342866D+01 0.2619927D+36 0.2459115D+36 0.2265528D+36
 0.2357486D+01 0.2627333D+36 0.2466667D+36 0.2273018D+36
 0.2372198D+01 0.2634566D+36 0.2474068D+36 0.2280380D+36
 0.2387001D+01 0.2641625D+36 0.2481316D+36 0.2287610D+36
 0.2401896D+01 0.2648505D+36 0.2488407D+36 0.2294705D+36
 0.2416885D+01 0.2655205D+36 0.2495338D+36 0.2301664D+36
 0.2431966D+01 0.2661720D+36 0.2502108D+36 0.2308483D+36
 0.2447142D+01 0.2668048D+36 0.2508712D+36 0.2315160D+36
 0.2462413D+01 0.2674185D+36 0.2515149D+36 0.2321692D+36
 0.2477779D+01 0.2680129D+36 0.2521415D+36 0.2328078D+36
 0.2493241D+01 0.2685877D+36 0.2527507D+36 0.2334313D+36
 0.2508799D+01 0.2691426D+36 0.2533423D+36 0.2340397D+36
 0.2524455D+01 0.2696773D+36 0.2539160D+36 0.2346326D+36
 0.2540208D+01 0.2701914D+36 0.2544716D+36 0.2352097D+36
 0.2556059D+01 0.2706847D+36 0.2550087D+36 0.2357708D+36
 0.2572010D+01 0.2711569D+36 0.2555270D+36 0.2363157D+36
 0.2588060D+01 0.2716078D+36 0.2560264D+36 0.2368442D+36
 0.2604210D+01 0.2720369D+36 0.2565065D+36 0.2373558D+36
 0.2620461D+01 0.2724441D+36 0.2569670D+36 0.2378505D+36
 0.2636813D+01 0.2728291D+36 0.2574077D+36 0.2383280D+36
 0.2653267D+01 0.2731915D+36 0.2578284D+36 0.2387880D+36
 0.2669824D+01 0.2735312D+36 0.2582287D+36 0.2392303D+36
 0.2686484D+01 0.2738478D+36 0.2586085D+36 0.2396546D+36
 0.2703249D+01 0.2741411D+36 0.2589674D+36 0.2400607D+36
 0.2720117D+01 0.2744108D+36 0.2593052D+36 0.2404484D+36
 0.2737092D+01 0.2746567D+36 0.2596217D+36 0.2408174D+36
 0.2754172D+01 0.2748784D+36 0.2599165D+36 0.2411676D+36
 0.2771358D+01 0.2750759D+36 0.2601896D+36 0.2414986D+36
 0.2788652D+01 0.2752487D+36 0.2604405D+36 0.2418102D+36
 0.2806054D+01 0.2753967D+36 0.2606692D+36 0.2421023D+36
 0.2823564D+01 0.2755196D+36 0.2608753D+36 0.2423746D+36
 0.2841184D+01 0.2756172D+36 0.2610587D+36 0.2426269D+36
 0.2858914D+01 0.2756893D+36 0.2612191D+36 0.2428590D+36
 0.2876754D+01 0.2757357D+36 0.2613562D+36 0.2430707D+36
 0.2894705D+01 0.2757561D+36 0.2614700D+36 0.2432617D+36
 0.2912769D+01 0.2757503D+36 0.2615601D+36 0.2434318D+36
 0.2930945D+01 0.2757182D+36 0.2616264D+36 0.2435810D+36
 0.2949235D+01 0.2756595D+36 0.2616686D+36 0.2437089D+36
 0.2967639D+01 0.2755741D+36 0.2616866D+36 0.2438154D+36
 0.2986158D+01 0.2754617D+36 0.2616803D+36 0.2439003D+36
 0.3004792D+01 0.2753222D+36 0.2616493D+36 0.2439634D+36
 0.3023543D+01 0.2751554D+36 0.2615935D+36 0.2440046D+36
 0.3042410D+01 0.2749611D+36 0.2615128D+36 0.2440236D+36
 0.3061395D+01 0.2747393D+36 0.2614070D+36 0.2440203D+36
 0.3080499D+01 0.2744897D+36 0.2612760D+36 0.2439946D+36
 0.3099722D+01 0.2742122D+36 0.2611195D+36 0.2439463D+36
 0.3119065D+01 0.2739067D+36 0.2609374D+36 0.2438752D+36
 0.3138529D+01 0.2735731D+36 0.2607297D+36 0.2437812D+36
 0.3158114D+01 0.2732112D+36 0.2604961D+36 0.2436641D+36
 0.3177821D+01 0.2728209D+36 0.2602366D+36 0.2435239D+36
 0.3197651D+01 0.2724021D+36 0.2599510D+36 0.2433603D+36
 0.3217605D+01 0.2719548D+36 0.2596392D+36 0.2431733D+36
 0.3237684D+01 0.2714789D+36 0.2593011D+36 0.2429628D+36
 0.3257888D+01 0.2709743D+36 0.2589366D+36 0.2427287D+36
 0.3278218D+01 0.2704409D+36 0.2585457D+36 0.2424707D+36
 0.3298675D+01 0.2698786D+36 0.2581283D+36 0.2421890D+36
 0.3319259D+01 0.2692875D+36 0.2576842D+36 0.2418833D+36
 0.3339972D+01 0.2686675D+36 0.2572134D+36 0.2415535D+36
 0.3360814D+01 0.2680186D+36 0.2567159D+36 0.2411997D+36
 0.3381786D+01 0.2673407D+36 0.2561917D+36 0.2408217D+36
 0.3402889D+01 0.2666339D+36 0.2556406D+36 0.2404195D+36
 0.3424124D+01 0.2658981D+36 0.2550627D+36 0.2399930D+36
 0.3445492D+01 0.2651335D+36 0.2544579D+36 0.2395422D+36
 0.3466992D+01 0.2643399D+36 0.2538263D+36 0.2390670D+36
 0.3488627D+01 0.2635175D+36 0.2531678D+36 0.2385675D+36
 0.3510397D+01 0.2626663D+36 0.2524824D+36 0.2380435D+36
 0.3532302D+01 0.2617863D+36 0.2517702D+36 0.2374951D+36
 0.3554345D+01 0.2608777D+36 0.2510313D+36 0.2369223D+36
 0.3576525D+01 0.2599404D+36 0.2502655D+36 0.2363251D+36
 0.3598843D+01 0.2589747D+36 0.2494730D+36 0.2357035D+36
 0.3621300D+01 0.2579806D+36 0.2486539D+36 0.2350574D+36
 0.3643898D+01 0.2569582D+36 0.2478081D+36 0.2343870D+36
 0.3666637D+01 0.2559077D+36 0.2469359D+36 0.2336923D+36
 0.3689517D+01 0.2548291D+36 0.2460372D+36 0.2329732D+36
 0.3712541D+01 0.2537227D+36 0.2451122D+36 0.2322300D+36
 0.3735708D+01 0.2525886D+36 0.2441610D+36 0.2314626D+36
 0.3759020D+01 0.2514269D+36 0.2431837D+36 0.2306710D+36
 0.3782477D+01 0.2502380D+36 0.2421804D+36 0.2298555D+36
 0.3806080D+01 0.2490219D+36 0.2411513D+36 0.2290160D+36
 0.3829831D+01 0.2477788D+36 0.2400965D+36 0.2281528D+36
 0.3853730D+01 0.2465091D+36 0.2390161D+36 0.2272657D+36
 0.3877778D+01 0.2452129D+36 0.2379105D+36 0.2263551D+36
 0.3901976D+01 0.2438904D+36 0.2367797D+36 0.2254210D+36
 0.3926325D+01 0.2425420D+36 0.2356239D+36 0.2244636D+36
 0.3950827D+01 0.2411678D+36 0.2344433D+36 0.2234830D+36
 0.3975481D+01 0.2397683D+36 0.2332382D+36 0.2224793D+36
 0.4000288D+01 0.2383436D+36 0.2320088D+36 0.2214528D+36
 0.4025251D+01 0.2368941D+36 0.2307552D+36 0.2204035D+36
 0.4050370D+01 0.2354200D+36 0.2294779D+36 0.2193317D+36
 0.4075645D+01 0.2339218D+36 0.2281769D+36 0.2182376D+36
 0.4101078D+01 0.2323997D+36 0.2268526D+36 0.2171214D+36
 0.4126669D+01 0.2308542D+36 0.2255053D+36 0.2159832D+36
 0.4152421D+01 0.2292855D+36 0.2241352D+36 0.2148233D+36
 0.4178333D+01 0.2276940D+36 0.2227427D+36 0.2136420D+36
 0.4204406D+01 0.2260801D+36 0.2213280D+36 0.2124394D+36
 0.4230643D+01 0.2244443D+36 0.2198915D+36 0.2112158D+36
 0.4257043D+01 0.2227869D+36 0.2184335D+36 0.2099715D+36
 0.4283608D+01 0.2211083D+36 0.2169543D+36 0.2087067D+36
 0.4310338D+01 0.2194089D+36 0.2154543D+36 0.2074217D+36
 0.4337236D+01 0.2176893D+36 0.2139339D+36 0.2061168D+36
 0.4364301D+01 0.2159498D+36 0.2123934D+36 0.2047923D+36
 0.4391535D+01 0.2141909D+36 0.2108331D+36 0.2034484D+36
 0.4418939D+01 0.2124130D+36 0.2092536D+36 0.2020856D+36
 0.4446515D+01 0.2106167D+36 0.2076551D+36 0.2007040D+36
 0.4474262D+01 0.2088024D+36 0.2060381D+36 0.1993041D+36
 0.4502182D+01 0.2069707D+36 0.2044030D+36 0.1978861D+36
 0.4530277D+01 0.2051219D+36 0.2027503D+36 0.1964504D+36
 0.4558547D+01 0.2032568D+36 0.2010802D+36 0.1949974D+36
 0.4586993D+01 0.2013756D+36 0.1993934D+36 0.1935274D+36
 0.4615617D+01 0.1994791D+36 0.1976902D+36 0.1920408D+36
 0.4644419D+01 0.1975676D+36 0.1959712D+36 0.1905380D+36
 0.4673402D+01 0.1956419D+36 0.1942366D+36 0.1890192D+36
 0.4702565D+01 0.1937023D+36 0.1924871D+36 0.1874850D+36
 0.4731910D+01 0.1917496D+36 0.1907232D+36 0.1859358D+36
 0.4761438D+01 0.1897842D+36 0.1889452D+36 0.1843718D+36
 0.4791150D+01 0.1878067D+36 0.1871537D+36 0.1827936D+36
 0.4821048D+01 0.1858177D+36 0.1853492D+36 0.1812015D+36
 0.4851132D+01 0.1838178D+36 0.1835323D+36 0.1795960D+36
 0.4881405D+01 0.1818075D+36 0.1817033D+36 0.1779776D+36
 0.4911866D+01 0.1797875D+36 0.1798629D+36 0.1763465D+36
 0.4942517D+01 0.1777584D+36 0.1780115D+36 0.1747033D+36
 0.4973359D+01 0.1757207D+36 0.1761497D+36 0.1730485D+36
 0.5004394D+01 0.1736751D+36 0.1742780D+36 0.1713824D+36
 0.5035622D+01 0.1716222D+36 0.1723969D+36 0.1697056D+36
 0.5067046D+01 0.1695626D+36 0.1705071D+36 0.1680184D+36
 0.5098665D+01 0.1674970D+36 0.1686090D+36 0.1663214D+36
 0.5130482D+01 0.1654258D+36 0.1667032D+36 0.1646151D+36
 0.5162497D+01 0.1633498D+36 0.1647902D+36 0.1628998D+36
 0.5194712D+01 0.1612696D+36 0.1628707D+36 0.1611762D+36
 0.5227129D+01 0.1591858D+36 0.1609451D+36 0.1594446D+36
 0.5259747D+01 0.1570991D+36 0.1590140D+36 0.1577055D+36
 0.5292569D+01 0.1550100D+36 0.1570780D+36 0.1559595D+36
 0.5325596D+01 0.1529192D+36 0.1551377D+36 0.1542071D+36
 0.5358829D+01 0.1508273D+36 0.1531936D+36 0.1524486D+36
 0.5392269D+01 0.1487350D+36 0.1512463D+36 0.1506847D+36
 0.5425918D+01 0.1466428D+36 0.1492963D+36 0.1489158D+36
 0.5459777D+01 0.1445514D+36 0.1473443D+36 0.1471425D+36
 0.5493847D+01 0.1424614D+36 0.1453907D+36 0.1453651D+36
 0.5528130D+01 0.1403735D+36 0.1434362D+36 0.1435843D+36
 0.5562627D+01 0.1382881D+36 0.1414813D+36 0.1418005D+36
 0.5597339D+01 0.1362061D+36 0.1395266D+36 0.1400142D+36
 0.5632267D+01 0.1341279D+36 0.1375727D+36 0.1382260D+36
 0.5667414D+01 0.1320542D+36 0.1356201D+36 0.1364363D+36
 0.5702780D+01 0.1299855D+36 0.1336694D+36 0.1346456D+36
 0.5738366D+01 0.1279226D+36 0.1317211D+36 0.1328545D+36
 0.5774175D+01 0.1258658D+36 0.1297758D+36 0.1310634D+36
 0.5810207D+01 0.1238160D+36 0.1278340D+36 0.1292729D+36
 0.5846464D+01 0.1217735D+36 0.1258963D+36 0.1274834D+36
 0.5882947D+01 0.1197390D+36 0.1239633D+36 0.1256954D+36
 0.5919658D+01 0.1177131D+36 0.1220354D+36 0.1239095D+36
 0.5956598D+01 0.1156963D+36 0.1201132D+36 0.1221260D+36
 0.5993768D+01 0.1136892D+36 0.1181972D+36 0.1203456D+36
 0.6031171D+01 0.1116922D+36 0.1162880D+36 0.1185687D+36
 0.6068807D+01 0.1097061D+36 0.1143861D+36 0.1167957D+36
 0.6106677D+01 0.1077311D+36 0.1124919D+36 0.1150272D+36
 0.6144784D+01 0.1057680D+36 0.1106061D+36 0.1132636D+36
 0.6183129D+01 0.1038171D+36 0.1087290D+36 0.1115053D+36
 0.6221713D+01 0.1018791D+36 0.1068612D+36 0.1097530D+36
 0.6260538D+01 0.9995427D+35 0.1050031D+36 0.1080069D+36
 0.6299605D+01 0.9804322D+35 0.1031553D+36 0.1062676D+36
 0.6338916D+01 0.9614638D+35 0.1013181D+36 0.1045355D+36
 0.6378472D+01 0.9426421D+35 0.9949215D+35 0.1028111D+36
 0.6418275D+01 0.9239716D+35 0.9767777D+35 0.1010947D+36
 0.6458327D+01 0.9054564D+35 0.9587545D+35 0.9938684D+35
 0.6498628D+01 0.8871009D+35 0.9408560D+35 0.9768792D+35
 0.6539181D+01 0.8689091D+35 0.9230865D+35 0.9599835D+35
 0.6579987D+01 0.8508849D+35 0.9054501D+35 0.9431854D+35
 0.6621048D+01 0.8330323D+35 0.8879509D+35 0.9264889D+35
 0.6662364D+01 0.8153548D+35 0.8705928D+35 0.9098979D+35
 0.6703939D+01 0.7978561D+35 0.8533796D+35 0.8934162D+35
 0.6745773D+01 0.7805397D+35 0.8363150D+35 0.8770477D+35
 0.6787868D+01 0.7634088D+35 0.8194026D+35 0.8607961D+35
 0.6830226D+01 0.7464666D+35 0.8026459D+35 0.8446648D+35
 0.6872848D+01 0.7297161D+35 0.7860482D+35 0.8286575D+35
 0.6915736D+01 0.7131603D+35 0.7696130D+35 0.8127775D+35
 0.6958892D+01 0.6968020D+35 0.7533432D+35 0.7970283D+35
 0.7002317D+01 0.6806436D+35 0.7372420D+35 0.7814129D+35
 0.7046013D+01 0.6646879D+35 0.7213122D+35 0.7659347D+35
 0.7089981D+01 0.6489370D+35 0.7055567D+35 0.7505966D+35
 0.7134224D+01 0.6333931D+35 0.6899780D+35 0.7354015D+35
 0.7178744D+01 0.6180585D+35 0.6745789D+35 0.7203524D+35
 0.7223541D+01 0.6029349D+35 0.6593617D+35 0.7054520D+35
 0.7268617D+01 0.5880241D+35 0.6443286D+35 0.6907029D+35
 0.7313975D+01 0.5733279D+35 0.6294820D+35 0.6761078D+35
 0.7359616D+01 0.5588476D+35 0.6148237D+35 0.6616689D+35
 0.7405541D+01 0.5445846D+35 0.6003559D+35 0.6473887D+35
 0.7451753D+01 0.5305402D+35 0.5860803D+35 0.6332695D+35
 0.7498254D+01 0.5167154D+35 0.5719985D+35 0.6193132D+35
 0.7545045D+01 0.5031111D+35 0.5581121D+35 0.6055221D+35
 0.7592127D+01 0.4897281D+35 0.5444225D+35 0.5918979D+35
 0.7639504D+01 0.4765671D+35 0.5309311D+35 0.5784425D+35
 0.7687176D+01 0.4636286D+35 0.5176390D+35 0.5651576D+35
 0.7735146D+01 0.4509130D+35 0.5045473D+35 0.5520447D+35
 0.7783415D+01 0.4384205D+35 0.4916569D+35 0.5391054D+35
 0.7831985D+01 0.4261512D+35 0.4789686D+35 0.5263411D+35
 0.7880858D+01 0.4141050D+35 0.4664831D+35 0.5137530D+35
 0.7930037D+01 0.4022820D+35 0.4542009D+35 0.5013422D+35
 0.7979522D+01 0.3906817D+35 0.4421225D+35 0.4891099D+35
 0.8029316D+01 0.3793037D+35 0.4302482D+35 0.4770569D+35
 0.8079420D+01 0.3681476D+35 0.4185783D+35 0.4651841D+35
 0.8129838D+01 0.3572126D+35 0.4071127D+35 0.4534922D+35
 0.8180570D+01 0.3464981D+35 0.3958515D+35 0.4419819D+35
 0.8231618D+01 0.3360031D+35 0.3847945D+35 0.4306537D+35
 0.8282985D+01 0.3257265D+35 0.3739414D+35 0.4195080D+35
 0.8334673D+01 0.3156675D+35 0.3632920D+35 0.4085451D+35
 0.8386683D+01 0.3058245D+35 0.3528456D+35 0.3977652D+35
 0.8439018D+01 0.2961965D+35 0.3426018D+35 0.3871685D+35
 0.8491679D+01 0.2867819D+35 0.3325599D+35 0.3767549D+35
 0.8544669D+01 0.2775791D+35 0.3227189D+35 0.3665243D+35
 0.8597990D+01 0.2685866D+35 0.3130782D+35 0.3564767D+35
 0.8651643D+01 0.2598027D+35 0.3036366D+35 0.3466116D+35
 0.8705631D+01 0.2512255D+35 0.2943931D+35 0.3369288D+35
 0.8759956D+01 0.2428532D+35 0.2853465D+35 0.3274277D+35
 0.8814620D+01 0.2346836D+35 0.2764955D+35 0.3181078D+35
 0.8869625D+01 0.2267149D+35 0.2678388D+35 0.3089685D+35
 0.8924974D+01 0.2189448D+35 0.2593749D+35 0.3000091D+35
 0.8980668D+01 0.2113710D+35 0.2511023D+35 0.2912286D+35
 0.9036709D+01 0.2039914D+35 0.2430194D+35 0.2826263D+35
 0.9093100D+01 0.1968036D+35 0.2351246D+35 0.2742011D+35
 0.9149843D+01 0.1898051D+35 0.2274159D+35 0.2659520D+35
 0.9206940D+01 0.1829934D+35 0.2198917D+35 0.2578778D+35
 0.9264393D+01 0.1763660D+35 0.2125500D+35 0.2499773D+35
 0.9322205D+01 0.1699204D+35 0.2053889D+35 0.2422493D+35
 0.9380378D+01 0.1636538D+35 0.1984062D+35 0.2346924D+35
 0.9438913D+01 0.1575636D+35 0.1916000D+35 0.2273052D+35
 0.9497814D+01 0.1516470D+35 0.1849681D+35 0.2200861D+35
 0.9557083D+01 0.1459013D+35 0.1785082D+35 0.2130336D+35
 0.9616721D+01 0.1403236D+35 0.1722181D+35 0.2061462D+35
 0.9676731D+01 0.1349111D+35 0.1660956D+35 0.1994221D+35
 0.9737116D+01 0.1296609D+35 0.1601382D+35 0.1928596D+35
 0.9797878D+01 0.1245701D+35 0.1543436D+35 0.1864569D+35
 0.9859019D+01 0.1196358D+35 0.1487093D+35 0.1802123D+35
 0.9920541D+01 0.1148550D+35 0.1432328D+35 0.1741237D+35
 0.9982448D+01 0.1102248D+35 0.1379118D+35 0.1681893D+35
 0.1004474D+02 0.1057422D+35 0.1327436D+35 0.1624071D+35
 0.1010742D+02 0.1014042D+35 0.1277256D+35 0.1567752D+35
 0.1017049D+02 0.9720783D+34 0.1228554D+35 0.1512913D+35
 0.1023396D+02 0.9315004D+34 0.1181302D+35 0.1459536D+35
 0.1029782D+02 0.8922784D+34 0.1135474D+35 0.1407597D+35
 0.1036208D+02 0.8543825D+34 0.1091045D+35 0.1357076D+35
 0.1042674D+02 0.8177826D+34 0.1047987D+35 0.1307951D+35
 0.1049181D+02 0.7824487D+34 0.1006274D+35 0.1260200D+35
 0.1055728D+02 0.7483512D+34 0.9658795D+34 0.1213801D+35
 0.1062316D+02 0.7154601D+34 0.9267758D+34 0.1168730D+35
 0.1068945D+02 0.6837461D+34 0.8889364D+34 0.1124965D+35
 0.1075616D+02 0.6531797D+34 0.8523345D+34 0.1082484D+35
 0.1082328D+02 0.6237318D+34 0.8169432D+34 0.1041262D+35
 0.1089082D+02 0.5953732D+34 0.7827357D+34 0.1001278D+35
 0.1095878D+02 0.5680753D+34 0.7496852D+34 0.9625069D+34
 0.1102716D+02 0.5418095D+34 0.7177650D+34 0.9249261D+34
 0.1109597D+02 0.5165477D+34 0.6869486D+34 0.8885121D+34
 0.1116522D+02 0.4922618D+34 0.6572095D+34 0.8532414D+34
 0.1123489D+02 0.4689243D+34 0.6285215D+34 0.8190904D+34
 0.1130500D+02 0.4465079D+34 0.6008583D+34 0.7860357D+34
 0.1137554D+02 0.4249856D+34 0.5741941D+34 0.7540538D+34
 0.1144653D+02 0.4043308D+34 0.5485032D+34 0.7231213D+34
 0.1151796D+02 0.3845172D+34 0.5237599D+34 0.6932149D+34
 0.1158983D+02 0.3655192D+34 0.4999390D+34 0.6643111D+34
 0.1166216D+02 0.3473111D+34 0.4770156D+34 0.6363869D+34
 0.1173493D+02 0.3298680D+34 0.4549648D+34 0.6094192D+34
 0.1180816D+02 0.3131653D+34 0.4337621D+34 0.5833850D+34
 0.1188184D+02 0.2971788D+34 0.4133835D+34 0.5582615D+34
 0.1195599D+02 0.2818848D+34 0.3938051D+34 0.5340263D+34
 0.1203060D+02 0.2672599D+34 0.3750032D+34 0.5106567D+34
 0.1210567D+02 0.2532814D+34 0.3569548D+34 0.4881305D+34
 0.1218121D+02 0.2399268D+34 0.3396369D+34 0.4664257D+34
 0.1225723D+02 0.2271743D+34 0.3230271D+34 0.4455206D+34
 0.1233371D+02 0.2150023D+34 0.3071033D+34 0.4253934D+34
 0.1241068D+02 0.2033901D+34 0.2918436D+34 0.4060228D+34
 0.1248812D+02 0.1923169D+34 0.2772267D+34 0.3873879D+34
 0.1256605D+02 0.1817630D+34 0.2632317D+34 0.3694676D+34
 0.1264447D+02 0.1717086D+34 0.2498378D+34 0.3522416D+34
 0.1272337D+02 0.1621348D+34 0.2370250D+34 0.3356895D+34
 0.1280277D+02 0.1530231D+34 0.2247734D+34 0.3197915D+34
 0.1288266D+02 0.1443553D+34 0.2130636D+34 0.3045277D+34
 0.1296305D+02 0.1361139D+34 0.2018768D+34 0.2898790D+34
 0.1304394D+02 0.1282817D+34 0.1911943D+34 0.2758262D+34
 0.1312534D+02 0.1208421D+34 0.1809980D+34 0.2623507D+34
 0.1320725D+02 0.1137789D+34 0.1712701D+34 0.2494340D+34
 0.1328966D+02 0.1070765D+34 0.1619935D+34 0.2370583D+34
 0.1337259D+02 0.1007196D+34 0.1531513D+34 0.2252057D+34
 0.1345604D+02 0.9469350D+33 0.1447269D+34 0.2138589D+34
 0.1354001D+02 0.8898383D+33 0.1367043D+34 0.2030010D+34
 0.1362450D+02 0.8357677D+33 0.1290681D+34 0.1926153D+34
 0.1370952D+02 0.7845893D+33 0.1218029D+34 0.1826854D+34
 0.1379507D+02 0.7361732D+33 0.1148940D+34 0.1731955D+34
 0.1388116D+02 0.6903944D+33 0.1083270D+34 0.1641299D+34
 0.1396778D+02 0.6471318D+33 0.1020880D+34 0.1554735D+34
 0.1405494D+02 0.6062686D+33 0.9616348D+33 0.1472114D+34
 0.1414265D+02 0.5676922D+33 0.9054026D+33 0.1393290D+34
 0.1423090D+02 0.5312940D+33 0.8520562D+33 0.1318123D+34
 0.1431970D+02 0.4969694D+33 0.8014721D+33 0.1246475D+34
 0.1440906D+02 0.4646177D+33 0.7535308D+33 0.1178210D+34
 0.1449898D+02 0.4341420D+33 0.7081167D+33 0.1113200D+34
 0.1458945D+02 0.4054492D+33 0.6651178D+33 0.1051315D+34
 0.1468049D+02 0.3784498D+33 0.6244260D+33 0.9924338D+33
 0.1477210D+02 0.3530578D+33 0.5859367D+33 0.9364348D+33
 0.1486429D+02 0.3291908D+33 0.5495492D+33 0.8832014D+33
 0.1495704D+02 0.3067696D+33 0.5151661D+33 0.8326206D+33
 0.1505038D+02 0.2857186D+33 0.4826935D+33 0.7845823D+33
 0.1514429D+02 0.2659650D+33 0.4520409D+33 0.7389800D+33
 0.1523880D+02 0.2474396D+33 0.4231214D+33 0.6957103D+33
 0.1533389D+02 0.2300757D+33 0.3958511D+33 0.6546734D+33
 0.1542958D+02 0.2138099D+33 0.3701492D+33 0.6157723D+33
 0.1552586D+02 0.1985816D+33 0.3459383D+33 0.5789136D+33
 0.1562275D+02 0.1843329D+33 0.3231440D+33 0.5440065D+33
 0.1572024D+02 0.1710085D+33 0.3016947D+33 0.5109638D+33
 0.1581833D+02 0.1585557D+33 0.2815218D+33 0.4797010D+33
 0.1591704D+02 0.1469245D+33 0.2625596D+33 0.4501365D+33
 0.1601637D+02 0.1360670D+33 0.2447449D+33 0.4221919D+33
 0.1611632D+02 0.1259379D+33 0.2280175D+33 0.3957912D+33
 0.1621688D+02 0.1164940D+33 0.2123195D+33 0.3708616D+33
 0.1631808D+02 0.1076942D+33 0.1975957D+33 0.3473329D+33
 0.1641991D+02 0.9949957D+32 0.1837932D+33 0.3251373D+33
 0.1652237D+02 0.9187319D+32 0.1708616D+33 0.3042099D+33
 0.1662548D+02 0.8478000D+32 0.1587526D+33 0.2844881D+33
 0.1672922D+02 0.7818681D+32 0.1474204D+33 0.2659121D+33
 0.1683362D+02 0.7206217D+32 0.1368210D+33 0.2484242D+33
 0.1693866D+02 0.6637635D+32 0.1269127D+33 0.2319691D+33
 0.1704436D+02 0.6110123D+32 0.1176558D+33 0.2164938D+33
 0.1715072D+02 0.5621024D+32 0.1090123D+33 0.2019475D+33
 0.1725775D+02 0.5167830D+32 0.1009463D+33 0.1882817D+33
 0.1736544D+02 0.4748173D+32 0.9342365D+32 0.1754498D+33
 0.1747381D+02 0.4359823D+32 0.8641175D+32 0.1634073D+33
 0.1758285D+02 0.4000676D+32 0.7987979D+32 0.1521117D+33
 0.1769257D+02 0.3668752D+32 0.7379853D+32 0.1415222D+33
 0.1780297D+02 0.3362190D+32 0.6814024D+32 0.1316001D+33
 0.1791407D+02 0.3079238D+32 0.6287864D+32 0.1223084D+33
 0.1802585D+02 0.2818251D+32 0.5798886D+32 0.1136117D+33
 0.1813834D+02 0.2577684D+32 0.5344739D+32 0.1054765D+33
 0.1825153D+02 0.2356089D+32 0.4923197D+32 0.9787058D+32
 0.1836542D+02 0.2152107D+32 0.4532160D+32 0.9076353D+32
 0.1848002D+02 0.1964466D+32 0.4169643D+32 0.8412629D+32
 0.1859534D+02 0.1791974D+32 0.3833774D+32 0.7793131D+32
 0.1871138D+02 0.1633517D+32 0.3522789D+32 0.7215235D+32
 0.1882815D+02 0.1488054D+32 0.3235025D+32 0.6676455D+32
 0.1894564D+02 0.1354612D+32 0.2968914D+32 0.6174428D+32
 0.1906386D+02 0.1232283D+32 0.2722985D+32 0.5706917D+32
 0.1918283D+02 0.1120221D+32 0.2495851D+32 0.5271798D+32
 0.1930253D+02 0.1017636D+32 0.2286210D+32 0.4867063D+32
 0.1942298D+02 0.9237943D+31 0.2092841D+32 0.4490809D+32
 0.1954419D+02 0.8380116D+31 0.1914595D+32 0.4141238D+32
 0.1966615D+02 0.7596524D+31 0.1750398D+32 0.3816649D+32
 0.1978887D+02 0.6881261D+31 0.1599242D+32 0.3515435D+32
 0.1991235D+02 0.6228844D+31 0.1460182D+32 0.3236080D+32
 0.2003661D+02 0.5634187D+31 0.1332336D+32 0.2977154D+32
 0.2016164D+02 0.5092577D+31 0.1214878D+32 0.2737307D+32
 0.2028746D+02 0.4599647D+31 0.1107037D+32 0.2515268D+32
 0.2041406D+02 0.4151356D+31 0.1008092D+32 0.2309842D+32
 0.2054144D+02 0.3743968D+31 0.9173708D+31 0.2119901D+32
 0.2066963D+02 0.3374030D+31 0.8342472D+31 0.1944388D+32
 0.2079861D+02 0.3038355D+31 0.7581373D+31 0.1782306D+32
 0.2092840D+02 0.2734001D+31 0.6884975D+31 0.1632723D+32
 0.2105899D+02 0.2458259D+31 0.6248222D+31 0.1494760D+32
 0.2119041D+02 0.2208631D+31 0.5666414D+31 0.1367597D+32
 0.2132264D+02 0.1982820D+31 0.5135185D+31 0.1250461D+32
 0.2145570D+02 0.1778714D+31 0.4650481D+31 0.1142632D+32
 0.2158959D+02 0.1594372D+31 0.4208544D+31 0.1043434D+32
 0.2172431D+02 0.1428010D+31 0.3805889D+31 0.9522348D+31
 0.2185987D+02 0.1277996D+31 0.3439290D+31 0.8684448D+31
 0.2199629D+02 0.1142831D+31 0.3105760D+31 0.7915122D+31
 0.2213355D+02 0.1021143D+31 0.2802539D+31 0.7209225D+31
 0.2227167D+02 0.9116776D+30 0.2527074D+31 0.6561956D+31
 0.2241065D+02 0.8132871D+30 0.2277010D+31 0.5968843D+31
 0.2255049D+02 0.7249237D+30 0.2050174D+31 0.5425719D+31
 0.2269121D+02 0.6456309D+30 0.1844561D+31 0.4928706D+31
 0.2283281D+02 0.5745366D+30 0.1658327D+31 0.4474200D+31
 0.2297529D+02 0.5108465D+30 0.1489774D+31 0.4058849D+31
 0.2311866D+02 0.4538372D+30 0.1337337D+31 0.3679540D+31
 0.2326293D+02 0.4028512D+30 0.1199583D+31 0.3333385D+31
 0.2340809D+02 0.3572908D+30 0.1075194D+31 0.3017707D+31
 0.2355417D+02 0.3166135D+30 0.9629583D+30 0.2730024D+31
 0.2370115D+02 0.2803271D+30 0.8617690D+30 0.2468037D+31
 0.2384905D+02 0.2479857D+30 0.7706103D+30 0.2229620D+31
 0.2399787D+02 0.2191854D+30 0.6885528D+30 0.2012808D+31
 0.2414762D+02 0.1935611D+30 0.6147463D+30 0.1815783D+31
 0.2429831D+02 0.1707825D+30 0.5484145D+30 0.1636870D+31
 0.2444994D+02 0.1505515D+30 0.4888481D+30 0.1474520D+31
 0.2460251D+02 0.1325993D+30 0.4354005D+30 0.1327309D+31
 0.2475604D+02 0.1166835D+30 0.3874822D+30 0.1193922D+31
 0.2491052D+02 0.1025858D+30 0.3445563D+30 0.1073150D+31
 0.2506597D+02 0.9010979D+29 0.3061344D+30 0.9638818D+30
 0.2522238D+02 0.7907908D+29 0.2717724D+30 0.8650952D+30
 0.2537978D+02 0.6933517D+29 0.2410669D+30 0.7758520D+30
 0.2553815D+02 0.6073591D+29 0.2136519D+30 0.6952912D+30
 0.2569752D+02 0.5315388D+29 0.1891953D+30 0.6226233D+30
 0.2585787D+02 0.4647500D+29 0.1673966D+30 0.5571253D+30
 0.2601923D+02 0.4059723D+29 0.1479833D+30 0.4981352D+30
 0.2618160D+02 0.3542938D+29 0.1307094D+30 0.4450474D+30
 0.2634498D+02 0.3089002D+29 0.1153523D+30 0.3973087D+30
 0.2650938D+02 0.2690654D+29 0.1017112D+30 0.3544137D+30
 0.2667480D+02 0.2341425D+29 0.8960506D+29 0.3159013D+30
 0.2684126D+02 0.2035553D+29 0.7887052D+29 0.2813513D+30
 0.2700875D+02 0.1767917D+29 0.6936064D+29 0.2503807D+30
 0.2717729D+02 0.1533968D+29 0.6094321D+29 0.2226409D+30
 0.2734688D+02 0.1329667D+29 0.5349942D+29 0.1978150D+30
 0.2751753D+02 0.1151435D+29 0.4692258D+29 0.1756149D+30
 0.2768925D+02 0.9960990D+28 0.4111699D+29 0.1557792D+30
 0.2786204D+02 0.8608551D+28 0.3599689D+29 0.1380706D+30
 0.2803590D+02 0.7432232D+28 0.3148549D+29 0.1222740D+30
 0.2821085D+02 0.6410139D+28 0.2751410D+29 0.1081949D+30
 0.2838689D+02 0.5522960D+28 0.2402133D+29 0.9565686D+29
 0.2856403D+02 0.4753680D+28 0.2095236D+29 0.8450073D+29
 0.2874228D+02 0.4087322D+28 0.1825833D+29 0.7458257D+29
 0.2892164D+02 0.3510717D+28 0.1589565D+29 0.6577254D+29
 0.2910212D+02 0.3012299D+28 0.1382555D+29 0.5795353D+29
 0.2928372D+02 0.2581921D+28 0.1201354D+29 0.5102006D+29
 0.2946646D+02 0.2210689D+28 0.1042896D+29 0.4487718D+29
 0.2965033D+02 0.1890815D+28 0.9044619D+28 0.3943949D+29
 0.2983536D+02 0.1615492D+28 0.7836391D+28 0.3463026D+29
 0.3002154D+02 0.1378769D+28 0.6782906D+28 0.3038064D+29
 0.3020888D+02 0.1175457D+28 0.5865254D+28 0.2662883D+29
 0.3039739D+02 0.1001031D+28 0.5066715D+28 0.2331949D+29
 0.3058707D+02 0.8515516D+27 0.4372523D+28 0.2040307D+29
 0.3077794D+02 0.7235923D+27 0.3769650D+28 0.1783523D+29
 0.3097001D+02 0.6141772D+27 0.3246613D+28 0.1557639D+29
 0.3116327D+02 0.5207235D+27 0.2793302D+28 0.1359117D+29
 0.3135773D+02 0.4409927D+27 0.2400824D+28 0.1184804D+29
 0.3155341D+02 0.3730469D+27 0.2061367D+28 0.1031890D+29
 0.3175031D+02 0.3152102D+27 0.1768072D+28 0.8978736D+28
 0.3194844D+02 0.2660350D+27 0.1514926D+28 0.7805292D+28
 0.3214780D+02 0.2242725D+27 0.1296662D+28 0.6778801D+28
 0.3234841D+02 0.1888464D+27 0.1108673D+28 0.5881713D+28
 0.3255027D+02 0.1588306D+27 0.9469316D+27 0.5098465D+28
 0.3275340D+02 0.1334286D+27 0.8079217D+27 0.4415269D+28
 0.3295778D+02 0.1119566D+27 0.6885771D+27 0.3819921D+28
 0.3316345D+02 0.9382832D+26 0.5862268D+27 0.3301632D+28
 0.3337039D+02 0.7854128D+26 0.4985464D+27 0.2850869D+28
 0.3357863D+02 0.6566574D+26 0.4235157D+27 0.2459221D+28
 0.3378817D+02 0.5483441D+26 0.3593804D+27 0.2119273D+28
 0.3399902D+02 0.4573387D+26 0.3046192D+27 0.1824495D+28
 0.3421118D+02 0.3809690D+26 0.2579142D+27 0.1569142D+28
 0.3442466D+02 0.3169606D+26 0.2181249D+27 0.1348165D+28
 0.3463948D+02 0.2633791D+26 0.1842657D+27 0.1157129D+28
 0.3485564D+02 0.2185821D+26 0.1554853D+27 0.9921483D+27
 0.3507315D+02 0.1811764D+26 0.1310501D+27 0.8498145D+27
 0.3529201D+02 0.1499821D+26 0.1103279D+27 0.7271464D+27
 0.3551224D+02 0.1240007D+26 0.9277478D+26 0.6215369D+27
 0.3573384D+02 0.1023888D+26 0.7792346D+26 0.5307091D+27
 0.3595683D+02 0.8443480D+25 0.6537279D+26 0.4526765D+27
 0.3618121D+02 0.6953880D+25 0.5477888D+26 0.3857077D+27
 0.3640699D+02 0.5719609D+25 0.4584727D+26 0.3282954D+27
 0.3663418D+02 0.4698242D+25 0.3832612D+26 0.2791287D+27
 0.3686278D+02 0.3854170D+25 0.3200029D+26 0.2370688D+27
 0.3709281D+02 0.3157543D+25 0.2668625D+26 0.2011277D+27
 0.3732428D+02 0.2583373D+25 0.2222760D+26 0.1704488D+27
 0.3755719D+02 0.2110769D+25 0.1849121D+26 0.1442904D+27
 0.3779156D+02 0.1722291D+25 0.1536396D+26 0.1220112D+27
 0.3802738D+02 0.1403398D+25 0.1274976D+26 0.1030570D+27
 0.3826468D+02 0.1141984D+25 0.1056718D+26 0.8694973D+26
 0.3850346D+02 0.9279844D+24 0.8747242D+25 0.7327714D+26
 0.3874373D+02 0.7530414D+24 0.7231599D+25 0.6168440D+26
 0.3898550D+02 0.6102263D+24 0.5970977D+25 0.5186637D+26
 0.3922878D+02 0.4938023D+24 0.4923807D+25 0.4356090D+26
 0.3947358D+02 0.3990265D+24 0.4055064D+25 0.3654309D+26
 0.3971990D+02 0.3219830D+24 0.3335277D+25 0.3062020D+26
 0.3996776D+02 0.2594437D+24 0.2739683D+25 0.2562724D+26
 0.4021717D+02 0.2087508D+24 0.2247498D+25 0.2142318D+26
 0.4046813D+02 0.1677198D+24 0.1841304D+25 0.1788755D+26
 0.4072066D+02 0.1345575D+24 0.1506520D+25 0.1491761D+26
 0.4097477D+02 0.1077940D+24 0.1230962D+25 0.1242586D+26
 0.4123046D+02 0.8622655D+23 0.1004455D+25 0.1033782D+26
 0.4148775D+02 0.6887203D+23 0.8185196D+24 0.8590198D+25
 0.4174664D+02 0.5492831D+23 0.6660960D+24 0.7129290D+25
 0.4200715D+02 0.4374185D+23 0.5413149D+24 0.5909557D+25
 0.4226928D+02 0.3478096D+23 0.4393037D+24 0.4892442D+25
 0.4253305D+02 0.2761375D+23 0.3560228D+24 0.4045343D+25
 0.4279847D+02 0.2188994D+23 0.2881277D+24 0.3340723D+25
 0.4306554D+02 0.1732588D+23 0.2328535D+24 0.2755356D+25
 0.4333428D+02 0.1369219D+23 0.1879176D+24 0.2269675D+25
 0.4360469D+02 0.1080373D+23 0.1514380D+24 0.1867217D+25
 0.4387680D+02 0.8511248D+22 0.1218657D+24 0.1534151D+25
 0.4415060D+02 0.6694643D+22 0.9792721D+23 0.1258866D+25
 0.4442611D+02 0.5257412D+22 0.7857722D+23 0.1031635D+25
 0.4470333D+02 0.4122141D+22 0.6295895D+23 0.8443143D+24
 0.4498229D+02 0.3226825D+22 0.5037115D+23 0.6900968D+24
 0.4526299D+02 0.2521887D+22 0.4024073D+23 0.5633008D+24
 0.4554544D+02 0.1967746D+22 0.3210004D+23 0.4591890D+24
 0.4582966D+02 0.1532855D+22 0.2556801D+23 0.3738177D+24
 0.4611564D+02 0.1192114D+22 0.2033461D+23 0.3039078D+24
 0.4640342D+02 0.9255812D+21 0.1614799D+23 0.2467367D+24
 0.4669298D+02 0.7174420D+21 0.1280385D+23 0.2000470D+24
 0.4698436D+02 0.5551754D+21 0.1013673D+23 0.1619694D+24
 0.4727755D+02 0.4288843D+21 0.8012843D+22 0.1309583D+24
 0.4757257D+02 0.3307595D+21 0.6324155D+22 0.1057373D+24
 0.4786944D+02 0.2546489D+21 0.4983579D+22 0.8525402D+23
 0.4816815D+02 0.1957151D+21 0.3921019D+22 0.6864189D+23
 0.4846873D+02 0.1501603D+21 0.3080144D+22 0.5518837D+23
 0.4877119D+02 0.1150084D+21 0.2415758D+22 0.4430839D+23
 0.4907553D+02 0.8793120D+20 0.1891655D+22 0.3552226D+23
 0.4938177D+02 0.6711053D+20 0.1478877D+22 0.2843725D+23
 0.4968992D+02 0.5112907D+20 0.1154302D+22 0.2273229D+23
 0.5000000D+02 0.3888390D+20 0.8994971D+21 0.1814527D+23
