 0.1000000D+00 0.1451755D+34
 0.1006240D+00 0.1469483D+34
 0.1012519D+00 0.1487425D+34
 0.1018838D+00 0.1505583D+34
 0.1025195D+00 0.1523959D+34
 0.1031593D+00 0.1542557D+34
 0.1038030D+00 0.1561379D+34
 0.1044508D+00 0.1580427D+34
 0.1051026D+00 0.1599705D+34
 0.1057584D+00 0.1619214D+34
 0.1064184D+00 0.1638958D+34
 0.1070825D+00 0.1658939D+34
 0.1077507D+00 0.1679160D+34
 0.1084231D+00 0.1699625D+34
 0.1090997D+00 0.1720335D+34
 0.1097805D+00 0.1741294D+34
 0.1104655D+00 0.1762504D+34
 0.1111549D+00 0.1783970D+34
 0.1118485D+00 0.1805692D+34
 0.1125464D+00 0.1827675D+34
 0.1132488D+00 0.1849922D+34
 0.1139555D+00 0.1872436D+34
 0.1146666D+00 0.1895219D+34
 0.1153821D+00 0.1918276D+34
 0.1161021D+00 0.1941608D+34
 0.1168266D+00 0.1965221D+34
 0.1175556D+00 0.1989115D+34
 0.1182892D+00 0.2013296D+34
 0.1190274D+00 0.2037766D+34
 0.1197701D+00 0.2062529D+34
 0.1205175D+00 0.2087587D+34
 0.1212696D+00 0.2112946D+34
 0.1220263D+00 0.2138607D+34
 0.1227878D+00 0.2164575D+34
 0.1235540D+00 0.2190853D+34
 0.1243250D+00 0.2217445D+34
 0.1251008D+00 0.2244354D+34
 0.1258815D+00 0.2271585D+34
 0.1266670D+00 0.2299140D+34
 0.1274574D+00 0.2327023D+34
 0.1282528D+00 0.2355239D+34
 0.1290531D+00 0.2383791D+34
 0.1298584D+00 0.2412684D+34
 0.1306688D+00 0.2441920D+34
 0.1314842D+00 0.2471505D+34
 0.1323047D+00 0.2501441D+34
 0.1331303D+00 0.2531734D+34
 0.1339611D+00 0.2562387D+34
 0.1347970D+00 0.2593404D+34
 0.1356382D+00 0.2624790D+34
 0.1364846D+00 0.2656549D+34
 0.1373363D+00 0.2688685D+34
 0.1381933D+00 0.2721202D+34
 0.1390556D+00 0.2754106D+34
 0.1399234D+00 0.2787399D+34
 0.1407965D+00 0.2821088D+34
 0.1416751D+00 0.2855176D+34
 0.1425592D+00 0.2889668D+34
 0.1434488D+00 0.2924568D+34
 0.1443440D+00 0.2959882D+34
 0.1452447D+00 0.2995614D+34
 0.1461511D+00 0.3031769D+34
 0.1470631D+00 0.3068351D+34
 0.1479808D+00 0.3105366D+34
 0.1489042D+00 0.3142818D+34
 0.1498334D+00 0.3180713D+34
 0.1507684D+00 0.3219055D+34
 0.1517092D+00 0.3257850D+34
 0.1526559D+00 0.3297103D+34
 0.1536085D+00 0.3336819D+34
 0.1545671D+00 0.3377003D+34
 0.1555316D+00 0.3417661D+34
 0.1565022D+00 0.3458798D+34
 0.1574788D+00 0.3500420D+34
 0.1584615D+00 0.3542531D+34
 0.1594503D+00 0.3585138D+34
 0.1604453D+00 0.3628246D+34
 0.1614465D+00 0.3671861D+34
 0.1624540D+00 0.3715989D+34
 0.1634677D+00 0.3760635D+34
 0.1644878D+00 0.3805805D+34
 0.1655143D+00 0.3851505D+34
 0.1665471D+00 0.3897742D+34
 0.1675864D+00 0.3944521D+34
 0.1686322D+00 0.3991848D+34
 0.1696845D+00 0.4039730D+34
 0.1707433D+00 0.4088172D+34
 0.1718088D+00 0.4137182D+34
 0.1728809D+00 0.4186765D+34
 0.1739598D+00 0.4236928D+34
 0.1750453D+00 0.4287678D+34
 0.1761376D+00 0.4339020D+34
 0.1772368D+00 0.4390962D+34
 0.1783428D+00 0.4443511D+34
 0.1794557D+00 0.4496672D+34
 0.1805755D+00 0.4550454D+34
 0.1817023D+00 0.4604863D+34
 0.1828362D+00 0.4659905D+34
 0.1839771D+00 0.4715589D+34
 0.1851252D+00 0.4771921D+34
 0.1862804D+00 0.4828908D+34
 0.1874428D+00 0.4886558D+34
 0.1886125D+00 0.4944878D+34
 0.1897895D+00 0.5003875D+34
 0.1909738D+00 0.5063557D+34
 0.1921655D+00 0.5123932D+34
 0.1933647D+00 0.5185008D+34
 0.1945713D+00 0.5246791D+34
 0.1957855D+00 0.5309290D+34
 0.1970073D+00 0.5372513D+34
 0.1982366D+00 0.5436468D+34
 0.1994737D+00 0.5501163D+34
 0.2007184D+00 0.5566605D+34
 0.2019709D+00 0.5632804D+34
 0.2032313D+00 0.5699767D+34
 0.2044995D+00 0.5767504D+34
 0.2057756D+00 0.5836022D+34
 0.2070597D+00 0.5905329D+34
 0.2083518D+00 0.5975436D+34
 0.2096520D+00 0.6046350D+34
 0.2109602D+00 0.6118080D+34
 0.2122767D+00 0.6190635D+34
 0.2136013D+00 0.6264024D+34
 0.2149342D+00 0.6338257D+34
 0.2162755D+00 0.6413342D+34
 0.2176251D+00 0.6489288D+34
 0.2189831D+00 0.6566106D+34
 0.2203496D+00 0.6643804D+34
 0.2217246D+00 0.6722393D+34
 0.2231083D+00 0.6801881D+34
 0.2245005D+00 0.6882278D+34
 0.2259014D+00 0.6963595D+34
 0.2273111D+00 0.7045841D+34
 0.2287296D+00 0.7129026D+34
 0.2301569D+00 0.7213160D+34
 0.2315931D+00 0.7298254D+34
 0.2330383D+00 0.7384318D+34
 0.2344925D+00 0.7471362D+34
 0.2359558D+00 0.7559397D+34
 0.2374282D+00 0.7648433D+34
 0.2389098D+00 0.7738481D+34
 0.2404007D+00 0.7829553D+34
 0.2419008D+00 0.7921658D+34
 0.2434104D+00 0.8014808D+34
 0.2449293D+00 0.8109013D+34
 0.2464577D+00 0.8204286D+34
 0.2479957D+00 0.8300638D+34
 0.2495432D+00 0.8398079D+34
 0.2511004D+00 0.8496622D+34
 0.2526673D+00 0.8596279D+34
 0.2542440D+00 0.8697060D+34
 0.2558306D+00 0.8798978D+34
 0.2574270D+00 0.8902044D+34
 0.2590334D+00 0.9006271D+34
 0.2606498D+00 0.9111672D+34
 0.2622763D+00 0.9218258D+34
 0.2639130D+00 0.9326041D+34
 0.2655599D+00 0.9435035D+34
 0.2672170D+00 0.9545252D+34
 0.2688845D+00 0.9656704D+34
 0.2705624D+00 0.9769405D+34
 0.2722508D+00 0.9883368D+34
 0.2739497D+00 0.9998605D+34
 0.2756592D+00 0.1011513D+35
 0.2773794D+00 0.1023296D+35
 0.2791103D+00 0.1035210D+35
 0.2808520D+00 0.1047257D+35
 0.2826046D+00 0.1059438D+35
 0.2843681D+00 0.1071754D+35
 0.2861426D+00 0.1084208D+35
 0.2879282D+00 0.1096800D+35
 0.2897249D+00 0.1109532D+35
 0.2915329D+00 0.1122405D+35
 0.2933521D+00 0.1135421D+35
 0.2951827D+00 0.1148581D+35
 0.2970247D+00 0.1161886D+35
 0.2988782D+00 0.1175338D+35
 0.3007432D+00 0.1188939D+35
 0.3026200D+00 0.1202691D+35
 0.3045084D+00 0.1216593D+35
 0.3064086D+00 0.1230649D+35
 0.3083206D+00 0.1244859D+35
 0.3102446D+00 0.1259226D+35
 0.3121806D+00 0.1273750D+35
 0.3141287D+00 0.1288434D+35
 0.3160889D+00 0.1303279D+35
 0.3180614D+00 0.1318286D+35
 0.3200461D+00 0.1333458D+35
 0.3220433D+00 0.1348795D+35
 0.3240529D+00 0.1364300D+35
 0.3260751D+00 0.1379973D+35
 0.3281099D+00 0.1395818D+35
 0.3301573D+00 0.1411835D+35
 0.3322176D+00 0.1428026D+35
 0.3342907D+00 0.1444393D+35
 0.3363768D+00 0.1460938D+35
 0.3384758D+00 0.1477662D+35
 0.3405880D+00 0.1494567D+35
 0.3427133D+00 0.1511655D+35
 0.3448519D+00 0.1528927D+35
 0.3470039D+00 0.1546386D+35
 0.3491693D+00 0.1564034D+35
 0.3513482D+00 0.1581871D+35
 0.3535406D+00 0.1599900D+35
 0.3557468D+00 0.1618123D+35
 0.3579668D+00 0.1636541D+35
 0.3602005D+00 0.1655157D+35
 0.3624483D+00 0.1673972D+35
 0.3647100D+00 0.1692989D+35
 0.3669859D+00 0.1712209D+35
 0.3692760D+00 0.1731633D+35
 0.3715803D+00 0.1751265D+35
 0.3738991D+00 0.1771106D+35
 0.3762323D+00 0.1791157D+35
 0.3785801D+00 0.1811422D+35
 0.3809425D+00 0.1831901D+35
 0.3833196D+00 0.1852598D+35
 0.3857116D+00 0.1873513D+35
 0.3881186D+00 0.1894649D+35
 0.3905405D+00 0.1916009D+35
 0.3929776D+00 0.1937593D+35
 0.3954298D+00 0.1959405D+35
 0.3978974D+00 0.1981446D+35
 0.4003804D+00 0.2003718D+35
 0.4028788D+00 0.2026223D+35
 0.4053929D+00 0.2048965D+35
 0.4079226D+00 0.2071943D+35
 0.4104682D+00 0.2095162D+35
 0.4130296D+00 0.2118623D+35
 0.4156070D+00 0.2142328D+35
 0.4182004D+00 0.2166280D+35
 0.4208101D+00 0.2190480D+35
 0.4234360D+00 0.2214931D+35
 0.4260784D+00 0.2239635D+35
 0.4287372D+00 0.2264594D+35
 0.4314126D+00 0.2289811D+35
 0.4341047D+00 0.2315288D+35
 0.4368136D+00 0.2341027D+35
 0.4395394D+00 0.2367030D+35
 0.4422823D+00 0.2393300D+35
 0.4450422D+00 0.2419839D+35
 0.4478194D+00 0.2446650D+35
 0.4506139D+00 0.2473734D+35
 0.4534258D+00 0.2501094D+35
 0.4562553D+00 0.2528733D+35
 0.4591024D+00 0.2556652D+35
 0.4619673D+00 0.2584854D+35
 0.4648501D+00 0.2613343D+35
 0.4677508D+00 0.2642119D+35
 0.4706697D+00 0.2671185D+35
 0.4736068D+00 0.2700544D+35
 0.4765622D+00 0.2730199D+35
 0.4795361D+00 0.2760151D+35
 0.4825285D+00 0.2790404D+35
 0.4855395D+00 0.2820959D+35
 0.4885694D+00 0.2851819D+35
 0.4916182D+00 0.2882987D+35
 0.4946860D+00 0.2914465D+35
 0.4977729D+00 0.2946255D+35
 0.5008792D+00 0.2978361D+35
 0.5040048D+00 0.3010784D+35
 0.5071499D+00 0.3043528D+35
 0.5103146D+00 0.3076594D+35
 0.5134991D+00 0.3109986D+35
 0.5167034D+00 0.3143705D+35
 0.5199277D+00 0.3177755D+35
 0.5231722D+00 0.3212137D+35
 0.5264369D+00 0.3246856D+35
 0.5297220D+00 0.3281912D+35
 0.5330276D+00 0.3317309D+35
 0.5363538D+00 0.3353049D+35
 0.5397008D+00 0.3389136D+35
 0.5430686D+00 0.3425570D+35
 0.5464575D+00 0.3462356D+35
 0.5498675D+00 0.3499496D+35
 0.5532988D+00 0.3536992D+35
 0.5567515D+00 0.3574846D+35
 0.5602257D+00 0.3613063D+35
 0.5637217D+00 0.3651644D+35
 0.5672394D+00 0.3690591D+35
 0.5707791D+00 0.3729908D+35
 0.5743409D+00 0.3769597D+35
 0.5779249D+00 0.3809661D+35
 0.5815313D+00 0.3850102D+35
 0.5851602D+00 0.3890923D+35
 0.5888117D+00 0.3932127D+35
 0.5924860D+00 0.3973716D+35
 0.5961833D+00 0.4015693D+35
 0.5999036D+00 0.4058061D+35
 0.6036471D+00 0.4100822D+35
 0.6074140D+00 0.4143978D+35
 0.6112044D+00 0.4187533D+35
 0.6150184D+00 0.4231489D+35
 0.6188563D+00 0.4275849D+35
 0.6227181D+00 0.4320615D+35
 0.6266040D+00 0.4365790D+35
 0.6305141D+00 0.4411376D+35
 0.6344487D+00 0.4457376D+35
 0.6384078D+00 0.4503793D+35
 0.6423916D+00 0.4550629D+35
 0.6464002D+00 0.4597887D+35
 0.6504339D+00 0.4645570D+35
 0.6544928D+00 0.4693679D+35
 0.6585769D+00 0.4742217D+35
 0.6626866D+00 0.4791188D+35
 0.6668219D+00 0.4840593D+35
 0.6709830D+00 0.4890435D+35
 0.6751701D+00 0.4940716D+35
 0.6793833D+00 0.4991440D+35
 0.6836228D+00 0.5042608D+35
 0.6878888D+00 0.5094222D+35
 0.6921813D+00 0.5146286D+35
 0.6965007D+00 0.5198801D+35
 0.7008470D+00 0.5251771D+35
 0.7052205D+00 0.5305197D+35
 0.7096212D+00 0.5359081D+35
 0.7140494D+00 0.5413427D+35
 0.7185052D+00 0.5468236D+35
 0.7229888D+00 0.5523511D+35
 0.7275004D+00 0.5579254D+35
 0.7320402D+00 0.5635467D+35
 0.7366083D+00 0.5692152D+35
 0.7412049D+00 0.5749311D+35
 0.7458302D+00 0.5806948D+35
 0.7504843D+00 0.5865063D+35
 0.7551675D+00 0.5923659D+35
 0.7598799D+00 0.5982738D+35
 0.7646217D+00 0.6042302D+35
 0.7693931D+00 0.6102353D+35
 0.7741943D+00 0.6162894D+35
 0.7790255D+00 0.6223924D+35
 0.7838868D+00 0.6285448D+35
 0.7887784D+00 0.6347466D+35
 0.7937005D+00 0.6409981D+35
 0.7986534D+00 0.6472994D+35
 0.8036372D+00 0.6536507D+35
 0.8086520D+00 0.6600521D+35
 0.8136982D+00 0.6665039D+35
 0.8187759D+00 0.6730062D+35
 0.8238852D+00 0.6795591D+35
 0.8290264D+00 0.6861627D+35
 0.8341997D+00 0.6928174D+35
 0.8394053D+00 0.6995231D+35
 0.8446434D+00 0.7062800D+35
 0.8499141D+00 0.7130882D+35
 0.8552178D+00 0.7199479D+35
 0.8605545D+00 0.7268592D+35
 0.8659246D+00 0.7338222D+35
 0.8713281D+00 0.7408370D+35
 0.8767654D+00 0.7479038D+35
 0.8822366D+00 0.7550225D+35
 0.8877420D+00 0.7621933D+35
 0.8932817D+00 0.7694162D+35
 0.8988560D+00 0.7766914D+35
 0.9044650D+00 0.7840189D+35
 0.9101091D+00 0.7913988D+35
 0.9157884D+00 0.7988311D+35
 0.9215031D+00 0.8063159D+35
 0.9272535D+00 0.8138532D+35
 0.9330397D+00 0.8214430D+35
 0.9388621D+00 0.8290854D+35
 0.9447208D+00 0.8367804D+35
 0.9506161D+00 0.8445279D+35
 0.9565481D+00 0.8523281D+35
 0.9625172D+00 0.8601808D+35
 0.9685235D+00 0.8680861D+35
 0.9745673D+00 0.8760439D+35
 0.9806488D+00 0.8840542D+35
 0.9867683D+00 0.8921169D+35
 0.9929259D+00 0.9002320D+35
 0.9991220D+00 0.9083995D+35
 0.1005357D+01 0.9166192D+35
 0.1011630D+01 0.9248910D+35
 0.1017943D+01 0.9332149D+35
 0.1024295D+01 0.9415908D+35
 0.1030687D+01 0.9500185D+35
 0.1037119D+01 0.9584980D+35
 0.1043591D+01 0.9670290D+35
 0.1050103D+01 0.9756114D+35
 0.1056656D+01 0.9842451D+35
 0.1063250D+01 0.9929299D+35
 0.1069885D+01 0.1001666D+36
 0.1076561D+01 0.1010452D+36
 0.1083279D+01 0.1019289D+36
 0.1090039D+01 0.1028176D+36
 0.1096841D+01 0.1037113D+36
 0.1103685D+01 0.1046100D+36
 0.1110573D+01 0.1055137D+36
 0.1117503D+01 0.1064222D+36
 0.1124476D+01 0.1073357D+36
 0.1131493D+01 0.1082540D+36
 0.1138554D+01 0.1091772D+36
 0.1145659D+01 0.1101052D+36
 0.1152808D+01 0.1110379D+36
 0.1160002D+01 0.1119754D+36
 0.1167240D+01 0.1129176D+36
 0.1174524D+01 0.1138644D+36
 0.1181854D+01 0.1148158D+36
 0.1189229D+01 0.1157718D+36
 0.1196650D+01 0.1167324D+36
 0.1204117D+01 0.1176974D+36
 0.1211631D+01 0.1186668D+36
 0.1219192D+01 0.1196407D+36
 0.1226800D+01 0.1206188D+36
 0.1234455D+01 0.1216013D+36
 0.1242159D+01 0.1225880D+36
 0.1249910D+01 0.1235788D+36
 0.1257710D+01 0.1245738D+36
 0.1265558D+01 0.1255729D+36
 0.1273455D+01 0.1265759D+36
 0.1281402D+01 0.1275829D+36
 0.1289398D+01 0.1285937D+36
 0.1297444D+01 0.1296084D+36
 0.1305541D+01 0.1306268D+36
 0.1313688D+01 0.1316488D+36
 0.1321885D+01 0.1326745D+36
 0.1330134D+01 0.1337036D+36
 0.1338434D+01 0.1347362D+36
 0.1346787D+01 0.1357722D+36
 0.1355191D+01 0.1368115D+36
 0.1363647D+01 0.1378540D+36
 0.1372157D+01 0.1388996D+36
 0.1380719D+01 0.1399482D+36
 0.1389335D+01 0.1409997D+36
 0.1398005D+01 0.1420542D+36
 0.1406729D+01 0.1431114D+36
 0.1415507D+01 0.1441712D+36
 0.1424340D+01 0.1452336D+36
 0.1433229D+01 0.1462985D+36
 0.1442172D+01 0.1473658D+36
 0.1451172D+01 0.1484353D+36
 0.1460227D+01 0.1495070D+36
 0.1469340D+01 0.1505808D+36
 0.1478509D+01 0.1516565D+36
 0.1487735D+01 0.1527340D+36
 0.1497019D+01 0.1538132D+36
 0.1506360D+01 0.1548940D+36
 0.1515760D+01 0.1559764D+36
 0.1525219D+01 0.1570600D+36
 0.1534737D+01 0.1581449D+36
 0.1544314D+01 0.1592309D+36
 0.1553951D+01 0.1603179D+36
 0.1563648D+01 0.1614057D+36
 0.1573405D+01 0.1624942D+36
 0.1583223D+01 0.1635834D+36
 0.1593103D+01 0.1646729D+36
 0.1603044D+01 0.1657627D+36
 0.1613048D+01 0.1668527D+36
 0.1623114D+01 0.1679427D+36
 0.1633242D+01 0.1690326D+36
 0.1643434D+01 0.1701221D+36
 0.1653689D+01 0.1712112D+36
 0.1664009D+01 0.1722997D+36
 0.1674392D+01 0.1733875D+36
 0.1684841D+01 0.1744743D+36
 0.1695355D+01 0.1755601D+36
 0.1705934D+01 0.1766446D+36
 0.1716580D+01 0.1777276D+36
 0.1727291D+01 0.1788091D+36
 0.1738070D+01 0.1798888D+36
 0.1748916D+01 0.1809666D+36
 0.1759830D+01 0.1820423D+36
 0.1770811D+01 0.1831157D+36
 0.1781862D+01 0.1841866D+36
 0.1792981D+01 0.1852548D+36
 0.1804169D+01 0.1863202D+36
 0.1815428D+01 0.1873826D+36
 0.1826757D+01 0.1884417D+36
 0.1838156D+01 0.1894974D+36
 0.1849626D+01 0.1905494D+36
 0.1861168D+01 0.1915977D+36
 0.1872783D+01 0.1926419D+36
 0.1884469D+01 0.1936819D+36
 0.1896229D+01 0.1947175D+36
 0.1908062D+01 0.1957484D+36
 0.1919968D+01 0.1967745D+36
 0.1931949D+01 0.1977956D+36
 0.1944005D+01 0.1988113D+36
 0.1956136D+01 0.1998216D+36
 0.1968343D+01 0.2008261D+36
 0.1980626D+01 0.2018247D+36
 0.1992985D+01 0.2028172D+36
 0.2005422D+01 0.2038033D+36
 0.2017936D+01 0.2047827D+36
 0.2030529D+01 0.2057554D+36
 0.2043199D+01 0.2067210D+36
 0.2055949D+01 0.2076792D+36
 0.2068779D+01 0.2086300D+36
 0.2081689D+01 0.2095730D+36
 0.2094679D+01 0.2105080D+36
 0.2107750D+01 0.2114347D+36
 0.2120903D+01 0.2123530D+36
 0.2134138D+01 0.2132626D+36
 0.2147455D+01 0.2141632D+36
 0.2160856D+01 0.2150546D+36
 0.2174340D+01 0.2159365D+36
 0.2187908D+01 0.2168087D+36
 0.2201562D+01 0.2176710D+36
 0.2215300D+01 0.2185231D+36
 0.2229124D+01 0.2193648D+36
 0.2243034D+01 0.2201957D+36
 0.2257031D+01 0.2210157D+36
 0.2271115D+01 0.2218245D+36
 0.2285288D+01 0.2226219D+36
 0.2299548D+01 0.2234075D+36
 0.2313898D+01 0.2241812D+36
 0.2328337D+01 0.2249426D+36
 0.2342866D+01 0.2256916D+36
 0.2357486D+01 0.2264279D+36
 0.2372198D+01 0.2271512D+36
 0.2387001D+01 0.2278612D+36
 0.2401896D+01 0.2285578D+36
 0.2416885D+01 0.2292406D+36
 0.2431966D+01 0.2299094D+36
 0.2447142D+01 0.2305639D+36
 0.2462413D+01 0.2312039D+36
 0.2477779D+01 0.2318292D+36
 0.2493241D+01 0.2324394D+36
 0.2508799D+01 0.2330344D+36
 0.2524455D+01 0.2336139D+36
 0.2540208D+01 0.2341775D+36
 0.2556059D+01 0.2347252D+36
 0.2572010D+01 0.2352565D+36
 0.2588060D+01 0.2357714D+36
 0.2604210D+01 0.2362695D+36
 0.2620461D+01 0.2367505D+36
 0.2636813D+01 0.2372144D+36
 0.2653267D+01 0.2376607D+36
 0.2669824D+01 0.2380893D+36
 0.2686484D+01 0.2384999D+36
 0.2703249D+01 0.2388923D+36
 0.2720117D+01 0.2392663D+36
 0.2737092D+01 0.2396216D+36
 0.2754172D+01 0.2399581D+36
 0.2771358D+01 0.2402754D+36
 0.2788652D+01 0.2405734D+36
 0.2806054D+01 0.2408518D+36
 0.2823564D+01 0.2411104D+36
 0.2841184D+01 0.2413491D+36
 0.2858914D+01 0.2415676D+36
 0.2876754D+01 0.2417657D+36
 0.2894705D+01 0.2419432D+36
 0.2912769D+01 0.2420999D+36
 0.2930945D+01 0.2422356D+36
 0.2949235D+01 0.2423501D+36
 0.2967639D+01 0.2424432D+36
 0.2986158D+01 0.2425149D+36
 0.3004792D+01 0.2425648D+36
 0.3023543D+01 0.2425928D+36
 0.3042410D+01 0.2425988D+36
 0.3061395D+01 0.2425825D+36
 0.3080499D+01 0.2425439D+36
 0.3099722D+01 0.2424827D+36
 0.3119065D+01 0.2423989D+36
 0.3138529D+01 0.2422923D+36
 0.3158114D+01 0.2421627D+36
 0.3177821D+01 0.2420101D+36
 0.3197651D+01 0.2418342D+36
 0.3217605D+01 0.2416351D+36
 0.3237684D+01 0.2414125D+36
 0.3257888D+01 0.2411664D+36
 0.3278218D+01 0.2408967D+36
 0.3298675D+01 0.2406033D+36
 0.3319259D+01 0.2402861D+36
 0.3339972D+01 0.2399451D+36
 0.3360814D+01 0.2395801D+36
 0.3381786D+01 0.2391911D+36
 0.3402889D+01 0.2387780D+36
 0.3424124D+01 0.2383408D+36
 0.3445492D+01 0.2378796D+36
 0.3466992D+01 0.2373941D+36
 0.3488627D+01 0.2368844D+36
 0.3510397D+01 0.2363505D+36
 0.3532302D+01 0.2357924D+36
 0.3554345D+01 0.2352101D+36
 0.3576525D+01 0.2346036D+36
 0.3598843D+01 0.2339728D+36
 0.3621300D+01 0.2333179D+36
 0.3643898D+01 0.2326389D+36
 0.3666637D+01 0.2319358D+36
 0.3689517D+01 0.2312086D+36
 0.3712541D+01 0.2304574D+36
 0.3735708D+01 0.2296823D+36
 0.3759020D+01 0.2288833D+36
 0.3782477D+01 0.2280606D+36
 0.3806080D+01 0.2272143D+36
 0.3829831D+01 0.2263443D+36
 0.3853730D+01 0.2254510D+36
 0.3877778D+01 0.2245343D+36
 0.3901976D+01 0.2235944D+36
 0.3926325D+01 0.2226314D+36
 0.3950827D+01 0.2216455D+36
 0.3975481D+01 0.2206369D+36
 0.4000288D+01 0.2196057D+36
 0.4025251D+01 0.2185521D+36
 0.4050370D+01 0.2174763D+36
 0.4075645D+01 0.2163785D+36
 0.4101078D+01 0.2152588D+36
 0.4126669D+01 0.2141175D+36
 0.4152421D+01 0.2129549D+36
 0.4178333D+01 0.2117711D+36
 0.4204406D+01 0.2105663D+36
 0.4230643D+01 0.2093410D+36
 0.4257043D+01 0.2080952D+36
 0.4283608D+01 0.2068292D+36
 0.4310338D+01 0.2055434D+36
 0.4337236D+01 0.2042381D+36
 0.4364301D+01 0.2029134D+36
 0.4391535D+01 0.2015698D+36
 0.4418939D+01 0.2002075D+36
 0.4446515D+01 0.1988268D+36
 0.4474262D+01 0.1974282D+36
 0.4502182D+01 0.1960118D+36
 0.4530277D+01 0.1945781D+36
 0.4558547D+01 0.1931274D+36
 0.4586993D+01 0.1916601D+36
 0.4615617D+01 0.1901765D+36
 0.4644419D+01 0.1886770D+36
 0.4673402D+01 0.1871620D+36
 0.4702565D+01 0.1856318D+36
 0.4731910D+01 0.1840870D+36
 0.4761438D+01 0.1825278D+36
 0.4791150D+01 0.1809547D+36
 0.4821048D+01 0.1793681D+36
 0.4851132D+01 0.1777685D+36
 0.4881405D+01 0.1761561D+36
 0.4911866D+01 0.1745316D+36
 0.4942517D+01 0.1728953D+36
 0.4973359D+01 0.1712476D+36
 0.5004394D+01 0.1695891D+36
 0.5035622D+01 0.1679202D+36
 0.5067046D+01 0.1662412D+36
 0.5098665D+01 0.1645528D+36
 0.5130482D+01 0.1628553D+36
 0.5162497D+01 0.1611493D+36
 0.5194712D+01 0.1594352D+36
 0.5227129D+01 0.1577134D+36
 0.5259747D+01 0.1559845D+36
 0.5292569D+01 0.1542490D+36
 0.5325596D+01 0.1525073D+36
 0.5358829D+01 0.1507600D+36
 0.5392269D+01 0.1490075D+36
 0.5425918D+01 0.1472503D+36
 0.5459777D+01 0.1454889D+36
 0.5493847D+01 0.1437238D+36
 0.5528130D+01 0.1419555D+36
 0.5562627D+01 0.1401845D+36
 0.5597339D+01 0.1384113D+36
 0.5632267D+01 0.1366364D+36
 0.5667414D+01 0.1348603D+36
 0.5702780D+01 0.1330835D+36
 0.5738366D+01 0.1313064D+36
 0.5774175D+01 0.1295297D+36
 0.5810207D+01 0.1277537D+36
 0.5846464D+01 0.1259789D+36
 0.5882947D+01 0.1242059D+36
 0.5919658D+01 0.1224352D+36
 0.5956598D+01 0.1206671D+36
 0.5993768D+01 0.1189023D+36
 0.6031171D+01 0.1171411D+36
 0.6068807D+01 0.1153841D+36
 0.6106677D+01 0.1136317D+36
 0.6144784D+01 0.1118844D+36
 0.6183129D+01 0.1101426D+36
 0.6221713D+01 0.1084068D+36
 0.6260538D+01 0.1066775D+36
 0.6299605D+01 0.1049550D+36
 0.6338916D+01 0.1032399D+36
 0.6378472D+01 0.1015325D+36
 0.6418275D+01 0.9983338D+35
 0.6458327D+01 0.9814282D+35
 0.6498628D+01 0.9646129D+35
 0.6539181D+01 0.9478919D+35
 0.6579987D+01 0.9312691D+35
 0.6621048D+01 0.9147487D+35
 0.6662364D+01 0.8983342D+35
 0.6703939D+01 0.8820297D+35
 0.6745773D+01 0.8658386D+35
 0.6787868D+01 0.8497647D+35
 0.6830226D+01 0.8338115D+35
 0.6872848D+01 0.8179823D+35
 0.6915736D+01 0.8022805D+35
 0.6958892D+01 0.7867094D+35
 0.7002317D+01 0.7712722D+35
 0.7046013D+01 0.7559718D+35
 0.7089981D+01 0.7408113D+35
 0.7134224D+01 0.7257935D+35
 0.7178744D+01 0.7109213D+35
 0.7223541D+01 0.6961972D+35
 0.7268617D+01 0.6816239D+35
 0.7313975D+01 0.6672038D+35
 0.7359616D+01 0.6529394D+35
 0.7405541D+01 0.6388328D+35
 0.7451753D+01 0.6248863D+35
 0.7498254D+01 0.6111018D+35
 0.7545045D+01 0.5974814D+35
 0.7592127D+01 0.5840270D+35
 0.7639504D+01 0.5707401D+35
 0.7687176D+01 0.5576226D+35
 0.7735146D+01 0.5446758D+35
 0.7783415D+01 0.5319013D+35
 0.7831985D+01 0.5193004D+35
 0.7880858D+01 0.5068742D+35
 0.7930037D+01 0.4946238D+35
 0.7979522D+01 0.4825504D+35
 0.8029316D+01 0.4706546D+35
 0.8079420D+01 0.4589374D+35
 0.8129838D+01 0.4473995D+35
 0.8180570D+01 0.4360413D+35
 0.8231618D+01 0.4248635D+35
 0.8282985D+01 0.4138663D+35
 0.8334673D+01 0.4030500D+35
 0.8386683D+01 0.3924148D+35
 0.8439018D+01 0.3819608D+35
 0.8491679D+01 0.3716880D+35
 0.8544669D+01 0.3615962D+35
 0.8597990D+01 0.3516852D+35
 0.8651643D+01 0.3419548D+35
 0.8705631D+01 0.3324045D+35
 0.8759956D+01 0.3230338D+35
 0.8814620D+01 0.3138422D+35
 0.8869625D+01 0.3048289D+35
 0.8924974D+01 0.2959933D+35
 0.8980668D+01 0.2873346D+35
 0.9036709D+01 0.2788517D+35
 0.9093100D+01 0.2705437D+35
 0.9149843D+01 0.2624096D+35
 0.9206940D+01 0.2544482D+35
 0.9264393D+01 0.2466582D+35
 0.9322205D+01 0.2390385D+35
 0.9380378D+01 0.2315876D+35
 0.9438913D+01 0.2243040D+35
 0.9497814D+01 0.2171865D+35
 0.9557083D+01 0.2102332D+35
 0.9616721D+01 0.2034428D+35
 0.9676731D+01 0.1968134D+35
 0.9737116D+01 0.1903435D+35
 0.9797878D+01 0.1840311D+35
 0.9859019D+01 0.1778745D+35
 0.9920541D+01 0.1718719D+35
 0.9982448D+01 0.1660212D+35
 0.1004474D+02 0.1603206D+35
 0.1010742D+02 0.1547681D+35
 0.1017049D+02 0.1493615D+35
 0.1023396D+02 0.1440989D+35
 0.1029782D+02 0.1389782D+35
 0.1036208D+02 0.1339972D+35
 0.1042674D+02 0.1291537D+35
 0.1049181D+02 0.1244456D+35
 0.1055728D+02 0.1198706D+35
 0.1062316D+02 0.1154266D+35
 0.1068945D+02 0.1111113D+35
 0.1075616D+02 0.1069224D+35
 0.1082328D+02 0.1028576D+35
 0.1089082D+02 0.9891466D+34
 0.1095878D+02 0.9509127D+34
 0.1102716D+02 0.9138513D+34
 0.1109597D+02 0.8779391D+34
 0.1116522D+02 0.8431531D+34
 0.1123489D+02 0.8094700D+34
 0.1130500D+02 0.7768668D+34
 0.1137554D+02 0.7453202D+34
 0.1144653D+02 0.7148072D+34
 0.1151796D+02 0.6853048D+34
 0.1158983D+02 0.6567901D+34
 0.1166216D+02 0.6292402D+34
 0.1173493D+02 0.6026323D+34
 0.1180816D+02 0.5769440D+34
 0.1188184D+02 0.5521527D+34
 0.1195599D+02 0.5282362D+34
 0.1203060D+02 0.5051725D+34
 0.1210567D+02 0.4829396D+34
 0.1218121D+02 0.4615157D+34
 0.1225723D+02 0.4408796D+34
 0.1233371D+02 0.4210098D+34
 0.1241068D+02 0.4018854D+34
 0.1248812D+02 0.3834857D+34
 0.1256605D+02 0.3657902D+34
 0.1264447D+02 0.3487786D+34
 0.1272337D+02 0.3324311D+34
 0.1280277D+02 0.3167280D+34
 0.1288266D+02 0.3016500D+34
 0.1296305D+02 0.2871780D+34
 0.1304394D+02 0.2732933D+34
 0.1312534D+02 0.2599776D+34
 0.1320725D+02 0.2472127D+34
 0.1328966D+02 0.2349810D+34
 0.1337259D+02 0.2232650D+34
 0.1345604D+02 0.2120477D+34
 0.1354001D+02 0.2013123D+34
 0.1362450D+02 0.1910425D+34
 0.1370952D+02 0.1812223D+34
 0.1379507D+02 0.1718359D+34
 0.1388116D+02 0.1628681D+34
 0.1396778D+02 0.1543038D+34
 0.1405494D+02 0.1461285D+34
 0.1414265D+02 0.1383279D+34
 0.1423090D+02 0.1308880D+34
 0.1431970D+02 0.1237954D+34
 0.1440906D+02 0.1170367D+34
 0.1449898D+02 0.1105992D+34
 0.1458945D+02 0.1044703D+34
 0.1468049D+02 0.9863779D+33
 0.1477210D+02 0.9308994D+33
 0.1486429D+02 0.8781520D+33
 0.1495704D+02 0.8280244D+33
 0.1505038D+02 0.7804083D+33
 0.1514429D+02 0.7351988D+33
 0.1523880D+02 0.6922941D+33
 0.1533389D+02 0.6515958D+33
 0.1542958D+02 0.6130085D+33
 0.1552586D+02 0.5764401D+33
 0.1562275D+02 0.5418014D+33
 0.1572024D+02 0.5090062D+33
 0.1581833D+02 0.4779713D+33
 0.1591704D+02 0.4486164D+33
 0.1601637D+02 0.4208641D+33
 0.1611632D+02 0.3946396D+33
 0.1621688D+02 0.3698711D+33
 0.1631808D+02 0.3464892D+33
 0.1641991D+02 0.3244274D+33
 0.1652237D+02 0.3036214D+33
 0.1662548D+02 0.2840096D+33
 0.1672922D+02 0.2655328D+33
 0.1683362D+02 0.2481342D+33
 0.1693866D+02 0.2317592D+33
 0.1704436D+02 0.2163556D+33
 0.1715072D+02 0.2018731D+33
 0.1725775D+02 0.1882638D+33
 0.1736544D+02 0.1754817D+33
 0.1747381D+02 0.1634829D+33
 0.1758285D+02 0.1522252D+33
 0.1769257D+02 0.1416686D+33
 0.1780297D+02 0.1317746D+33
 0.1791407D+02 0.1225067D+33
 0.1802585D+02 0.1138299D+33
 0.1813834D+02 0.1057109D+33
 0.1825153D+02 0.9811812D+32
 0.1836542D+02 0.9102125D+32
 0.1848002D+02 0.8439160D+32
 0.1859534D+02 0.7820185D+32
 0.1871138D+02 0.7242606D+32
 0.1882815D+02 0.6703956D+32
 0.1894564D+02 0.6201898D+32
 0.1906386D+02 0.5734210D+32
 0.1918283D+02 0.5298790D+32
 0.1930253D+02 0.4893645D+32
 0.1942298D+02 0.4516888D+32
 0.1954419D+02 0.4166735D+32
 0.1966615D+02 0.3841497D+32
 0.1978887D+02 0.3539580D+32
 0.1991235D+02 0.3259478D+32
 0.2003661D+02 0.2999769D+32
 0.2016164D+02 0.2759114D+32
 0.2028746D+02 0.2536248D+32
 0.2041406D+02 0.2329983D+32
 0.2054144D+02 0.2139198D+32
 0.2066963D+02 0.1962840D+32
 0.2079861D+02 0.1799918D+32
 0.2092840D+02 0.1649503D+32
 0.2105899D+02 0.1510720D+32
 0.2119041D+02 0.1382752D+32
 0.2132264D+02 0.1264830D+32
 0.2145570D+02 0.1156234D+32
 0.2158959D+02 0.1056291D+32
 0.2172431D+02 0.9643705D+31
 0.2185987D+02 0.8798833D+31
 0.2199629D+02 0.8022788D+31
 0.2213355D+02 0.7310432D+31
 0.2227167D+02 0.6656967D+31
 0.2241065D+02 0.6057923D+31
 0.2255049D+02 0.5509134D+31
 0.2269121D+02 0.5006721D+31
 0.2283281D+02 0.4547075D+31
 0.2297529D+02 0.4126841D+31
 0.2311866D+02 0.3742903D+31
 0.2326293D+02 0.3392366D+31
 0.2340809D+02 0.3072546D+31
 0.2355417D+02 0.2780953D+31
 0.2370115D+02 0.2515283D+31
 0.2384905D+02 0.2273402D+31
 0.2399787D+02 0.2053334D+31
 0.2414762D+02 0.1853256D+31
 0.2429831D+02 0.1671481D+31
 0.2444994D+02 0.1506455D+31
 0.2460251D+02 0.1356743D+31
 0.2475604D+02 0.1221022D+31
 0.2491052D+02 0.1098076D+31
 0.2506597D+02 0.9867834D+30
 0.2522238D+02 0.8861155D+30
 0.2537978D+02 0.7951256D+30
 0.2553815D+02 0.7129451D+30
 0.2569752D+02 0.6387771D+30
 0.2585787D+02 0.5718914D+30
 0.2601923D+02 0.5116191D+30
 0.2618160D+02 0.4573480D+30
 0.2634498D+02 0.4085185D+30
 0.2650938D+02 0.3646191D+30
 0.2667480D+02 0.3251830D+30
 0.2684126D+02 0.2897844D+30
 0.2700875D+02 0.2580350D+30
 0.2717729D+02 0.2295814D+30
 0.2734688D+02 0.2041020D+30
 0.2751753D+02 0.1813042D+30
 0.2768925D+02 0.1609224D+30
 0.2786204D+02 0.1427155D+30
 0.2803590D+02 0.1264647D+30
 0.2821085D+02 0.1119719D+30
 0.2838689D+02 0.9905769D+29
 0.2856403D+02 0.8755973D+29
 0.2874228D+02 0.7733133D+29
 0.2892164D+02 0.6824002D+29
 0.2910212D+02 0.6016629D+29
 0.2928372D+02 0.5300238D+29
 0.2946646D+02 0.4665126D+29
 0.2965033D+02 0.4102559D+29
 0.2983536D+02 0.3604686D+29
 0.3002154D+02 0.3164455D+29
 0.3020888D+02 0.2775537D+29
 0.3039739D+02 0.2432255D+29
 0.3058707D+02 0.2129526D+29
 0.3077794D+02 0.1862800D+29
 0.3097001D+02 0.1628008D+29
 0.3116327D+02 0.1421515D+29
 0.3135773D+02 0.1240076D+29
 0.3155341D+02 0.1080799D+29
 0.3175031D+02 0.9411063D+28
 0.3194844D+02 0.8187044D+28
 0.3214780D+02 0.7115539D+28
 0.3234841D+02 0.6178431D+28
 0.3255027D+02 0.5359641D+28
 0.3275340D+02 0.4644916D+28
 0.3295778D+02 0.4021630D+28
 0.3316345D+02 0.3478610D+28
 0.3337039D+02 0.3005981D+28
 0.3357863D+02 0.2595022D+28
 0.3378817D+02 0.2238038D+28
 0.3399902D+02 0.1928248D+28
 0.3421118D+02 0.1659681D+28
 0.3442466D+02 0.1427086D+28
 0.3463948D+02 0.1225848D+28
 0.3485564D+02 0.1051916D+28
 0.3507315D+02 0.9017397D+27
 0.3529201D+02 0.7722076D+27
 0.3551224D+02 0.6605975D+27
 0.3573384D+02 0.5645300D+27
 0.3595683D+02 0.4819273D+27
 0.3618121D+02 0.4109771D+27
 0.3640699D+02 0.3501003D+27
 0.3663418D+02 0.2979224D+27
 0.3686278D+02 0.2532486D+27
 0.3709281D+02 0.2150408D+27
 0.3732428D+02 0.1823989D+27
 0.3755719D+02 0.1545424D+27
 0.3779156D+02 0.1307960D+27
 0.3802738D+02 0.1105757D+27
 0.3826468D+02 0.9337713D+26
 0.3850346D+02 0.7876507D+26
 0.3874373D+02 0.6636456D+26
 0.3898550D+02 0.5585282D+26
 0.3922878D+02 0.4695235D+26
 0.3947358D+02 0.3942483D+26
 0.3971990D+02 0.3306583D+26
 0.3996776D+02 0.2770021D+26
 0.4021717D+02 0.2317808D+26
 0.4046813D+02 0.1937134D+26
 0.4072066D+02 0.1617061D+26
 0.4097477D+02 0.1348263D+26
 0.4123046D+02 0.1122796D+26
 0.4148775D+02 0.9339038D+25
 0.4174664D+02 0.7758450D+25
 0.4200715D+02 0.6437484D+25
 0.4226928D+02 0.5334853D+25
 0.4253305D+02 0.4415608D+25
 0.4279847D+02 0.3650203D+25
 0.4306554D+02 0.3013690D+25
 0.4333428D+02 0.2485031D+25
 0.4360469D+02 0.2046507D+25
 0.4387680D+02 0.1683215D+25
 0.4415060D+02 0.1382635D+25
 0.4442611D+02 0.1134261D+25
 0.4470333D+02 0.9292942D+24
 0.4498229D+02 0.7603689D+24
 0.4526299D+02 0.6213307D+24
 0.4554544D+02 0.5070434D+24
 0.4582966D+02 0.4132261D+24
 0.4611564D+02 0.3363156D+24
 0.4640342D+02 0.2733502D+24
 0.4669298D+02 0.2218713D+24
 0.4698436D+02 0.1798410D+24
 0.4727755D+02 0.1455721D+24
 0.4757257D+02 0.1176701D+24
 0.4786944D+02 0.9498355D+23
 0.4816815D+02 0.7656347D+23
 0.4846873D+02 0.6162855D+23
 0.4877119D+02 0.4953651D+23
 0.4907553D+02 0.3976018D+23
 0.4938177D+02 0.3186741D+23
 0.4968992D+02 0.2550450D+23
 0.5000000D+02 0.2038237D+23
