 0.1000000D+00 0.1440560D+34
 0.1006240D+00 0.1458385D+34
 0.1012519D+00 0.1476429D+34
 0.1018838D+00 0.1494695D+34
 0.1025195D+00 0.1513186D+34
 0.1031593D+00 0.1531904D+34
 0.1038030D+00 0.1550852D+34
 0.1044508D+00 0.1570033D+34
 0.1051026D+00 0.1589450D+34
 0.1057584D+00 0.1609106D+34
 0.1064184D+00 0.1629003D+34
 0.1070825D+00 0.1649144D+34
 0.1077507D+00 0.1669533D+34
 0.1084231D+00 0.1690172D+34
 0.1090997D+00 0.1711065D+34
 0.1097805D+00 0.1732214D+34
 0.1104655D+00 0.1753623D+34
 0.1111549D+00 0.1775295D+34
 0.1118485D+00 0.1797233D+34
 0.1125464D+00 0.1819440D+34
 0.1132488D+00 0.1841919D+34
 0.1139555D+00 0.1864675D+34
 0.1146666D+00 0.1887709D+34
 0.1153821D+00 0.1911027D+34
 0.1161021D+00 0.1934630D+34
 0.1168266D+00 0.1958523D+34
 0.1175556D+00 0.1982708D+34
 0.1182892D+00 0.2007190D+34
 0.1190274D+00 0.2031973D+34
 0.1197701D+00 0.2057059D+34
 0.1205175D+00 0.2082453D+34
 0.1212696D+00 0.2108157D+34
 0.1220263D+00 0.2134177D+34
 0.1227878D+00 0.2160516D+34
 0.1235540D+00 0.2187177D+34
 0.1243250D+00 0.2214164D+34
 0.1251008D+00 0.2241483D+34
 0.1258815D+00 0.2269135D+34
 0.1266670D+00 0.2297126D+34
 0.1274574D+00 0.2325460D+34
 0.1282528D+00 0.2354141D+34
 0.1290531D+00 0.2383172D+34
 0.1298584D+00 0.2412559D+34
 0.1306688D+00 0.2442305D+34
 0.1314842D+00 0.2472416D+34
 0.1323047D+00 0.2502894D+34
 0.1331303D+00 0.2533745D+34
 0.1339611D+00 0.2564973D+34
 0.1347970D+00 0.2596583D+34
 0.1356382D+00 0.2628579D+34
 0.1364846D+00 0.2660967D+34
 0.1373363D+00 0.2693750D+34
 0.1381933D+00 0.2726933D+34
 0.1390556D+00 0.2760522D+34
 0.1399234D+00 0.2794522D+34
 0.1407965D+00 0.2828936D+34
 0.1416751D+00 0.2863770D+34
 0.1425592D+00 0.2899030D+34
 0.1434488D+00 0.2934720D+34
 0.1443440D+00 0.2970846D+34
 0.1452447D+00 0.3007412D+34
 0.1461511D+00 0.3044424D+34
 0.1470631D+00 0.3081888D+34
 0.1479808D+00 0.3119809D+34
 0.1489042D+00 0.3158192D+34
 0.1498334D+00 0.3197043D+34
 0.1507684D+00 0.3236367D+34
 0.1517092D+00 0.3276171D+34
 0.1526559D+00 0.3316460D+34
 0.1536085D+00 0.3357239D+34
 0.1545671D+00 0.3398515D+34
 0.1555316D+00 0.3440294D+34
 0.1565022D+00 0.3482582D+34
 0.1574788D+00 0.3525384D+34
 0.1584615D+00 0.3568708D+34
 0.1594503D+00 0.3612558D+34
 0.1604453D+00 0.3656942D+34
 0.1614465D+00 0.3701866D+34
 0.1624540D+00 0.3747337D+34
 0.1634677D+00 0.3793360D+34
 0.1644878D+00 0.3839943D+34
 0.1655143D+00 0.3887092D+34
 0.1665471D+00 0.3934814D+34
 0.1675864D+00 0.3983116D+34
 0.1686322D+00 0.4032005D+34
 0.1696845D+00 0.4081487D+34
 0.1707433D+00 0.4131571D+34
 0.1718088D+00 0.4182262D+34
 0.1728809D+00 0.4233569D+34
 0.1739598D+00 0.4285499D+34
 0.1750453D+00 0.4338059D+34
 0.1761376D+00 0.4391256D+34
 0.1772368D+00 0.4445099D+34
 0.1783428D+00 0.4499594D+34
 0.1794557D+00 0.4554751D+34
 0.1805755D+00 0.4610575D+34
 0.1817023D+00 0.4667077D+34
 0.1828362D+00 0.4724263D+34
 0.1839771D+00 0.4782142D+34
 0.1851252D+00 0.4840721D+34
 0.1862804D+00 0.4900010D+34
 0.1874428D+00 0.4960017D+34
 0.1886125D+00 0.5020750D+34
 0.1897895D+00 0.5082218D+34
 0.1909738D+00 0.5144430D+34
 0.1921655D+00 0.5207394D+34
 0.1933647D+00 0.5271120D+34
 0.1945713D+00 0.5335616D+34
 0.1957855D+00 0.5400891D+34
 0.1970073D+00 0.5466956D+34
 0.1982366D+00 0.5533818D+34
 0.1994737D+00 0.5601489D+34
 0.2007184D+00 0.5669976D+34
 0.2019709D+00 0.5739290D+34
 0.2032313D+00 0.5809441D+34
 0.2044995D+00 0.5880439D+34
 0.2057756D+00 0.5952293D+34
 0.2070597D+00 0.6025014D+34
 0.2083518D+00 0.6098611D+34
 0.2096520D+00 0.6173096D+34
 0.2109602D+00 0.6248479D+34
 0.2122767D+00 0.6324770D+34
 0.2136013D+00 0.6401980D+34
 0.2149342D+00 0.6480120D+34
 0.2162755D+00 0.6559201D+34
 0.2176251D+00 0.6639234D+34
 0.2189831D+00 0.6720230D+34
 0.2203496D+00 0.6802200D+34
 0.2217246D+00 0.6885157D+34
 0.2231083D+00 0.6969111D+34
 0.2245005D+00 0.7054074D+34
 0.2259014D+00 0.7140058D+34
 0.2273111D+00 0.7227076D+34
 0.2287296D+00 0.7315139D+34
 0.2301569D+00 0.7404259D+34
 0.2315931D+00 0.7494450D+34
 0.2330383D+00 0.7585722D+34
 0.2344925D+00 0.7678091D+34
 0.2359558D+00 0.7771567D+34
 0.2374282D+00 0.7866164D+34
 0.2389098D+00 0.7961895D+34
 0.2404007D+00 0.8058774D+34
 0.2419008D+00 0.8156813D+34
 0.2434104D+00 0.8256027D+34
 0.2449293D+00 0.8356429D+34
 0.2464577D+00 0.8458033D+34
 0.2479957D+00 0.8560853D+34
 0.2495432D+00 0.8664903D+34
 0.2511004D+00 0.8770198D+34
 0.2526673D+00 0.8876751D+34
 0.2542440D+00 0.8984579D+34
 0.2558306D+00 0.9093695D+34
 0.2574270D+00 0.9204115D+34
 0.2590334D+00 0.9315853D+34
 0.2606498D+00 0.9428925D+34
 0.2622763D+00 0.9543347D+34
 0.2639130D+00 0.9659134D+34
 0.2655599D+00 0.9776302D+34
 0.2672170D+00 0.9894868D+34
 0.2688845D+00 0.1001485D+35
 0.2705624D+00 0.1013625D+35
 0.2722508D+00 0.1025911D+35
 0.2739497D+00 0.1038343D+35
 0.2756592D+00 0.1050922D+35
 0.2773794D+00 0.1063652D+35
 0.2791103D+00 0.1076533D+35
 0.2808520D+00 0.1089567D+35
 0.2826046D+00 0.1102756D+35
 0.2843681D+00 0.1116102D+35
 0.2861426D+00 0.1129606D+35
 0.2879282D+00 0.1143271D+35
 0.2897249D+00 0.1157098D+35
 0.2915329D+00 0.1171089D+35
 0.2933521D+00 0.1185246D+35
 0.2951827D+00 0.1199570D+35
 0.2970247D+00 0.1214065D+35
 0.2988782D+00 0.1228732D+35
 0.3007432D+00 0.1243572D+35
 0.3026200D+00 0.1258588D+35
 0.3045084D+00 0.1273781D+35
 0.3064086D+00 0.1289155D+35
 0.3083206D+00 0.1304710D+35
 0.3102446D+00 0.1320449D+35
 0.3121806D+00 0.1336375D+35
 0.3141287D+00 0.1352488D+35
 0.3160889D+00 0.1368792D+35
 0.3180614D+00 0.1385288D+35
 0.3200461D+00 0.1401979D+35
 0.3220433D+00 0.1418867D+35
 0.3240529D+00 0.1435954D+35
 0.3260751D+00 0.1453242D+35
 0.3281099D+00 0.1470734D+35
 0.3301573D+00 0.1488432D+35
 0.3322176D+00 0.1506338D+35
 0.3342907D+00 0.1524455D+35
 0.3363768D+00 0.1542786D+35
 0.3384758D+00 0.1561331D+35
 0.3405880D+00 0.1580095D+35
 0.3427133D+00 0.1599079D+35
 0.3448519D+00 0.1618286D+35
 0.3470039D+00 0.1637719D+35
 0.3491693D+00 0.1657379D+35
 0.3513482D+00 0.1677270D+35
 0.3535406D+00 0.1697394D+35
 0.3557468D+00 0.1717754D+35
 0.3579668D+00 0.1738353D+35
 0.3602005D+00 0.1759192D+35
 0.3624483D+00 0.1780276D+35
 0.3647100D+00 0.1801606D+35
 0.3669859D+00 0.1823185D+35
 0.3692760D+00 0.1845017D+35
 0.3715803D+00 0.1867103D+35
 0.3738991D+00 0.1889448D+35
 0.3762323D+00 0.1912053D+35
 0.3785801D+00 0.1934921D+35
 0.3809425D+00 0.1958057D+35
 0.3833196D+00 0.1981462D+35
 0.3857116D+00 0.2005139D+35
 0.3881186D+00 0.2029092D+35
 0.3905405D+00 0.2053324D+35
 0.3929776D+00 0.2077837D+35
 0.3954298D+00 0.2102636D+35
 0.3978974D+00 0.2127722D+35
 0.4003804D+00 0.2153100D+35
 0.4028788D+00 0.2178772D+35
 0.4053929D+00 0.2204743D+35
 0.4079226D+00 0.2231014D+35
 0.4104682D+00 0.2257589D+35
 0.4130296D+00 0.2284473D+35
 0.4156070D+00 0.2311667D+35
 0.4182004D+00 0.2339176D+35
 0.4208101D+00 0.2367003D+35
 0.4234360D+00 0.2395152D+35
 0.4260784D+00 0.2423626D+35
 0.4287372D+00 0.2452428D+35
 0.4314126D+00 0.2481563D+35
 0.4341047D+00 0.2511033D+35
 0.4368136D+00 0.2540843D+35
 0.4395394D+00 0.2570997D+35
 0.4422823D+00 0.2601498D+35
 0.4450422D+00 0.2632349D+35
 0.4478194D+00 0.2663555D+35
 0.4506139D+00 0.2695120D+35
 0.4534258D+00 0.2727047D+35
 0.4562553D+00 0.2759341D+35
 0.4591024D+00 0.2792005D+35
 0.4619673D+00 0.2825043D+35
 0.4648501D+00 0.2858460D+35
 0.4677508D+00 0.2892259D+35
 0.4706697D+00 0.2926445D+35
 0.4736068D+00 0.2961022D+35
 0.4765622D+00 0.2995994D+35
 0.4795361D+00 0.3031366D+35
 0.4825285D+00 0.3067141D+35
 0.4855395D+00 0.3103324D+35
 0.4885694D+00 0.3139920D+35
 0.4916182D+00 0.3176932D+35
 0.4946860D+00 0.3214366D+35
 0.4977729D+00 0.3252225D+35
 0.5008792D+00 0.3290515D+35
 0.5040048D+00 0.3329239D+35
 0.5071499D+00 0.3368404D+35
 0.5103146D+00 0.3408012D+35
 0.5134991D+00 0.3448070D+35
 0.5167034D+00 0.3488581D+35
 0.5199277D+00 0.3529551D+35
 0.5231722D+00 0.3570985D+35
 0.5264369D+00 0.3612887D+35
 0.5297220D+00 0.3655262D+35
 0.5330276D+00 0.3698115D+35
 0.5363538D+00 0.3741452D+35
 0.5397008D+00 0.3785278D+35
 0.5430686D+00 0.3829597D+35
 0.5464575D+00 0.3874414D+35
 0.5498675D+00 0.3919736D+35
 0.5532988D+00 0.3965567D+35
 0.5567515D+00 0.4011913D+35
 0.5602257D+00 0.4058778D+35
 0.5637217D+00 0.4106169D+35
 0.5672394D+00 0.4154091D+35
 0.5707791D+00 0.4202550D+35
 0.5743409D+00 0.4251550D+35
 0.5779249D+00 0.4301098D+35
 0.5815313D+00 0.4351200D+35
 0.5851602D+00 0.4401860D+35
 0.5888117D+00 0.4453085D+35
 0.5924860D+00 0.4504881D+35
 0.5961833D+00 0.4557253D+35
 0.5999036D+00 0.4610208D+35
 0.6036471D+00 0.4663751D+35
 0.6074140D+00 0.4717889D+35
 0.6112044D+00 0.4772627D+35
 0.6150184D+00 0.4827971D+35
 0.6188563D+00 0.4883929D+35
 0.6227181D+00 0.4940505D+35
 0.6266040D+00 0.4997707D+35
 0.6305141D+00 0.5055541D+35
 0.6344487D+00 0.5114012D+35
 0.6384078D+00 0.5173128D+35
 0.6423916D+00 0.5232895D+35
 0.6464002D+00 0.5293320D+35
 0.6504339D+00 0.5354409D+35
 0.6544928D+00 0.5416169D+35
 0.6585769D+00 0.5478606D+35
 0.6626866D+00 0.5541728D+35
 0.6668219D+00 0.5605541D+35
 0.6709830D+00 0.5670052D+35
 0.6751701D+00 0.5735268D+35
 0.6793833D+00 0.5801196D+35
 0.6836228D+00 0.5867843D+35
 0.6878888D+00 0.5935217D+35
 0.6921813D+00 0.6003323D+35
 0.6965007D+00 0.6072171D+35
 0.7008470D+00 0.6141766D+35
 0.7052205D+00 0.6212116D+35
 0.7096212D+00 0.6283229D+35
 0.7140494D+00 0.6355112D+35
 0.7185052D+00 0.6427772D+35
 0.7229888D+00 0.6501218D+35
 0.7275004D+00 0.6575456D+35
 0.7320402D+00 0.6650494D+35
 0.7366083D+00 0.6726341D+35
 0.7412049D+00 0.6803004D+35
 0.7458302D+00 0.6880490D+35
 0.7504843D+00 0.6958808D+35
 0.7551675D+00 0.7037966D+35
 0.7598799D+00 0.7117971D+35
 0.7646217D+00 0.7198832D+35
 0.7693931D+00 0.7280557D+35
 0.7741943D+00 0.7363153D+35
 0.7790255D+00 0.7446631D+35
 0.7838868D+00 0.7530996D+35
 0.7887784D+00 0.7616259D+35
 0.7937005D+00 0.7702427D+35
 0.7986534D+00 0.7789509D+35
 0.8036372D+00 0.7877513D+35
 0.8086520D+00 0.7966448D+35
 0.8136982D+00 0.8056323D+35
 0.8187759D+00 0.8147146D+35
 0.8238852D+00 0.8238927D+35
 0.8290264D+00 0.8331673D+35
 0.8341997D+00 0.8425394D+35
 0.8394053D+00 0.8520099D+35
 0.8446434D+00 0.8615796D+35
 0.8499141D+00 0.8712496D+35
 0.8552178D+00 0.8810206D+35
 0.8605545D+00 0.8908936D+35
 0.8659246D+00 0.9008695D+35
 0.8713281D+00 0.9109493D+35
 0.8767654D+00 0.9211339D+35
 0.8822366D+00 0.9314242D+35
 0.8877420D+00 0.9418212D+35
 0.8932817D+00 0.9523258D+35
 0.8988560D+00 0.9629389D+35
 0.9044650D+00 0.9736616D+35
 0.9101091D+00 0.9844947D+35
 0.9157884D+00 0.9954394D+35
 0.9215031D+00 0.1006496D+36
 0.9272535D+00 0.1017667D+36
 0.9330397D+00 0.1028952D+36
 0.9388621D+00 0.1040352D+36
 0.9447208D+00 0.1051869D+36
 0.9506161D+00 0.1063503D+36
 0.9565481D+00 0.1075255D+36
 0.9625172D+00 0.1087127D+36
 0.9685235D+00 0.1099119D+36
 0.9745673D+00 0.1111233D+36
 0.9806488D+00 0.1123469D+36
 0.9867683D+00 0.1135829D+36
 0.9929259D+00 0.1148313D+36
 0.9991220D+00 0.1160922D+36
 0.1005357D+01 0.1173659D+36
 0.1011630D+01 0.1186523D+36
 0.1017943D+01 0.1199515D+36
 0.1024295D+01 0.1212638D+36
 0.1030687D+01 0.1225891D+36
 0.1037119D+01 0.1239276D+36
 0.1043591D+01 0.1252794D+36
 0.1050103D+01 0.1266446D+36
 0.1056656D+01 0.1280233D+36
 0.1063250D+01 0.1294156D+36
 0.1069885D+01 0.1308217D+36
 0.1076561D+01 0.1322415D+36
 0.1083279D+01 0.1336753D+36
 0.1090039D+01 0.1351232D+36
 0.1096841D+01 0.1365852D+36
 0.1103685D+01 0.1380615D+36
 0.1110573D+01 0.1395522D+36
 0.1117503D+01 0.1410574D+36
 0.1124476D+01 0.1425771D+36
 0.1131493D+01 0.1441116D+36
 0.1138554D+01 0.1456609D+36
 0.1145659D+01 0.1472251D+36
 0.1152808D+01 0.1488044D+36
 0.1160002D+01 0.1503988D+36
 0.1167240D+01 0.1520085D+36
 0.1174524D+01 0.1536335D+36
 0.1181854D+01 0.1552740D+36
 0.1189229D+01 0.1569302D+36
 0.1196650D+01 0.1586020D+36
 0.1204117D+01 0.1602897D+36
 0.1211631D+01 0.1619933D+36
 0.1219192D+01 0.1637130D+36
 0.1226800D+01 0.1654488D+36
 0.1234455D+01 0.1672009D+36
 0.1242159D+01 0.1689694D+36
 0.1249910D+01 0.1707544D+36
 0.1257710D+01 0.1725560D+36
 0.1265558D+01 0.1743743D+36
 0.1273455D+01 0.1762094D+36
 0.1281402D+01 0.1780615D+36
 0.1289398D+01 0.1799306D+36
 0.1297444D+01 0.1818169D+36
 0.1305541D+01 0.1837205D+36
 0.1313688D+01 0.1856415D+36
 0.1321885D+01 0.1875799D+36
 0.1330134D+01 0.1895360D+36
 0.1338434D+01 0.1915098D+36
 0.1346787D+01 0.1935014D+36
 0.1355191D+01 0.1955110D+36
 0.1363647D+01 0.1975386D+36
 0.1372157D+01 0.1995843D+36
 0.1380719D+01 0.2016483D+36
 0.1389335D+01 0.2037307D+36
 0.1398005D+01 0.2058316D+36
 0.1406729D+01 0.2079510D+36
 0.1415507D+01 0.2100892D+36
 0.1424340D+01 0.2122461D+36
 0.1433229D+01 0.2144219D+36
 0.1442172D+01 0.2166168D+36
 0.1451172D+01 0.2188307D+36
 0.1460227D+01 0.2210639D+36
 0.1469340D+01 0.2233163D+36
 0.1478509D+01 0.2255882D+36
 0.1487735D+01 0.2278796D+36
 0.1497019D+01 0.2301906D+36
 0.1506360D+01 0.2325213D+36
 0.1515760D+01 0.2348718D+36
 0.1525219D+01 0.2372422D+36
 0.1534737D+01 0.2396326D+36
 0.1544314D+01 0.2420431D+36
 0.1553951D+01 0.2444737D+36
 0.1563648D+01 0.2469247D+36
 0.1573405D+01 0.2493960D+36
 0.1583223D+01 0.2518877D+36
 0.1593103D+01 0.2544001D+36
 0.1603044D+01 0.2569330D+36
 0.1613048D+01 0.2594866D+36
 0.1623114D+01 0.2620611D+36
 0.1633242D+01 0.2646564D+36
 0.1643434D+01 0.2672727D+36
 0.1653689D+01 0.2699100D+36
 0.1664009D+01 0.2725684D+36
 0.1674392D+01 0.2752481D+36
 0.1684841D+01 0.2779490D+36
 0.1695355D+01 0.2806712D+36
 0.1705934D+01 0.2834148D+36
 0.1716580D+01 0.2861799D+36
 0.1727291D+01 0.2889666D+36
 0.1738070D+01 0.2917748D+36
 0.1748916D+01 0.2946047D+36
 0.1759830D+01 0.2974564D+36
 0.1770811D+01 0.3003298D+36
 0.1781862D+01 0.3032251D+36
 0.1792981D+01 0.3061422D+36
 0.1804169D+01 0.3090813D+36
 0.1815428D+01 0.3120424D+36
 0.1826757D+01 0.3150256D+36
 0.1838156D+01 0.3180308D+36
 0.1849626D+01 0.3210581D+36
 0.1861168D+01 0.3241076D+36
 0.1872783D+01 0.3271793D+36
 0.1884469D+01 0.3302732D+36
 0.1896229D+01 0.3333894D+36
 0.1908062D+01 0.3365278D+36
 0.1919968D+01 0.3396885D+36
 0.1931949D+01 0.3428716D+36
 0.1944005D+01 0.3460770D+36
 0.1956136D+01 0.3493048D+36
 0.1968343D+01 0.3525549D+36
 0.1980626D+01 0.3558274D+36
 0.1992985D+01 0.3591223D+36
 0.2005422D+01 0.3624395D+36
 0.2017936D+01 0.3657791D+36
 0.2030529D+01 0.3691411D+36
 0.2043199D+01 0.3725254D+36
 0.2055949D+01 0.3759321D+36
 0.2068779D+01 0.3793611D+36
 0.2081689D+01 0.3828123D+36
 0.2094679D+01 0.3862859D+36
 0.2107750D+01 0.3897816D+36
 0.2120903D+01 0.3932996D+36
 0.2134138D+01 0.3968397D+36
 0.2147455D+01 0.4004020D+36
 0.2160856D+01 0.4039863D+36
 0.2174340D+01 0.4075926D+36
 0.2187908D+01 0.4112208D+36
 0.2201562D+01 0.4148709D+36
 0.2215300D+01 0.4185429D+36
 0.2229124D+01 0.4222366D+36
 0.2243034D+01 0.4259520D+36
 0.2257031D+01 0.4296889D+36
 0.2271115D+01 0.4334474D+36
 0.2285288D+01 0.4372272D+36
 0.2299548D+01 0.4410283D+36
 0.2313898D+01 0.4448507D+36
 0.2328337D+01 0.4486941D+36
 0.2342866D+01 0.4525585D+36
 0.2357486D+01 0.4564437D+36
 0.2372198D+01 0.4603497D+36
 0.2387001D+01 0.4642762D+36
 0.2401896D+01 0.4682232D+36
 0.2416885D+01 0.4721905D+36
 0.2431966D+01 0.4761779D+36
 0.2447142D+01 0.4801853D+36
 0.2462413D+01 0.4842125D+36
 0.2477779D+01 0.4882594D+36
 0.2493241D+01 0.4923257D+36
 0.2508799D+01 0.4964114D+36
 0.2524455D+01 0.5005161D+36
 0.2540208D+01 0.5046397D+36
 0.2556059D+01 0.5087820D+36
 0.2572010D+01 0.5129428D+36
 0.2588060D+01 0.5171218D+36
 0.2604210D+01 0.5213189D+36
 0.2620461D+01 0.5255338D+36
 0.2636813D+01 0.5297662D+36
 0.2653267D+01 0.5340159D+36
 0.2669824D+01 0.5382827D+36
 0.2686484D+01 0.5425662D+36
 0.2703249D+01 0.5468662D+36
 0.2720117D+01 0.5511825D+36
 0.2737092D+01 0.5555147D+36
 0.2754172D+01 0.5598625D+36
 0.2771358D+01 0.5642257D+36
 0.2788652D+01 0.5686038D+36
 0.2806054D+01 0.5729967D+36
 0.2823564D+01 0.5774039D+36
 0.2841184D+01 0.5818252D+36
 0.2858914D+01 0.5862601D+36
 0.2876754D+01 0.5907084D+36
 0.2894705D+01 0.5951696D+36
 0.2912769D+01 0.5996434D+36
 0.2930945D+01 0.6041294D+36
 0.2949235D+01 0.6086272D+36
 0.2967639D+01 0.6131363D+36
 0.2986158D+01 0.6176565D+36
 0.3004792D+01 0.6221873D+36
 0.3023543D+01 0.6267282D+36
 0.3042410D+01 0.6312787D+36
 0.3061395D+01 0.6358386D+36
 0.3080499D+01 0.6404072D+36
 0.3099722D+01 0.6449842D+36
 0.3119065D+01 0.6495690D+36
 0.3138529D+01 0.6541612D+36
 0.3158114D+01 0.6587602D+36
 0.3177821D+01 0.6633656D+36
 0.3197651D+01 0.6679769D+36
 0.3217605D+01 0.6725934D+36
 0.3237684D+01 0.6772147D+36
 0.3257888D+01 0.6818403D+36
 0.3278218D+01 0.6864695D+36
 0.3298675D+01 0.6911019D+36
 0.3319259D+01 0.6957367D+36
 0.3339972D+01 0.7003735D+36
 0.3360814D+01 0.7050117D+36
 0.3381786D+01 0.7096506D+36
 0.3402889D+01 0.7142895D+36
 0.3424124D+01 0.7189280D+36
 0.3445492D+01 0.7235653D+36
 0.3466992D+01 0.7282008D+36
 0.3488627D+01 0.7328339D+36
 0.3510397D+01 0.7374638D+36
 0.3532302D+01 0.7420899D+36
 0.3554345D+01 0.7467115D+36
 0.3576525D+01 0.7513278D+36
 0.3598843D+01 0.7559383D+36
 0.3621300D+01 0.7605421D+36
 0.3643898D+01 0.7651385D+36
 0.3666637D+01 0.7697268D+36
 0.3689517D+01 0.7743062D+36
 0.3712541D+01 0.7788760D+36
 0.3735708D+01 0.7834353D+36
 0.3759020D+01 0.7879835D+36
 0.3782477D+01 0.7925197D+36
 0.3806080D+01 0.7970430D+36
 0.3829831D+01 0.8015528D+36
 0.3853730D+01 0.8060481D+36
 0.3877778D+01 0.8105282D+36
 0.3901976D+01 0.8149921D+36
 0.3926325D+01 0.8194391D+36
 0.3950827D+01 0.8238682D+36
 0.3975481D+01 0.8282786D+36
 0.4000288D+01 0.8326695D+36
 0.4025251D+01 0.8370399D+36
 0.4050370D+01 0.8413888D+36
 0.4075645D+01 0.8457155D+36
 0.4101078D+01 0.8500190D+36
 0.4126669D+01 0.8542984D+36
 0.4152421D+01 0.8585527D+36
 0.4178333D+01 0.8627810D+36
 0.4204406D+01 0.8669823D+36
 0.4230643D+01 0.8711557D+36
 0.4257043D+01 0.8753001D+36
 0.4283608D+01 0.8794148D+36
 0.4310338D+01 0.8834985D+36
 0.4337236D+01 0.8875505D+36
 0.4364301D+01 0.8915695D+36
 0.4391535D+01 0.8955548D+36
 0.4418939D+01 0.8995051D+36
 0.4446515D+01 0.9034196D+36
 0.4474262D+01 0.9072972D+36
 0.4502182D+01 0.9111369D+36
 0.4530277D+01 0.9149376D+36
 0.4558547D+01 0.9186982D+36
 0.4586993D+01 0.9224178D+36
 0.4615617D+01 0.9260954D+36
 0.4644419D+01 0.9297297D+36
 0.4673402D+01 0.9333198D+36
 0.4702565D+01 0.9368646D+36
 0.4731910D+01 0.9403631D+36
 0.4761438D+01 0.9438141D+36
 0.4791150D+01 0.9472167D+36
 0.4821048D+01 0.9505696D+36
 0.4851132D+01 0.9538719D+36
 0.4881405D+01 0.9571225D+36
 0.4911866D+01 0.9603202D+36
 0.4942517D+01 0.9634640D+36
 0.4973359D+01 0.9665528D+36
 0.5004394D+01 0.9695856D+36
 0.5035622D+01 0.9725612D+36
 0.5067046D+01 0.9754785D+36
 0.5098665D+01 0.9783365D+36
 0.5130482D+01 0.9811341D+36
 0.5162497D+01 0.9838702D+36
 0.5194712D+01 0.9865437D+36
 0.5227129D+01 0.9891536D+36
 0.5259747D+01 0.9916987D+36
 0.5292569D+01 0.9941780D+36
 0.5325596D+01 0.9965905D+36
 0.5358829D+01 0.9989351D+36
 0.5392269D+01 0.1001211D+37
 0.5425918D+01 0.1003416D+37
 0.5459777D+01 0.1005551D+37
 0.5493847D+01 0.1007613D+37
 0.5528130D+01 0.1009602D+37
 0.5562627D+01 0.1011517D+37
 0.5597339D+01 0.1013357D+37
 0.5632267D+01 0.1015121D+37
 0.5667414D+01 0.1016808D+37
 0.5702780D+01 0.1018416D+37
 0.5738366D+01 0.1019945D+37
 0.5774175D+01 0.1021394D+37
 0.5810207D+01 0.1022763D+37
 0.5846464D+01 0.1024049D+37
 0.5882947D+01 0.1025252D+37
 0.5919658D+01 0.1026371D+37
 0.5956598D+01 0.1027406D+37
 0.5993768D+01 0.1028355D+37
 0.6031171D+01 0.1029217D+37
 0.6068807D+01 0.1029992D+37
 0.6106677D+01 0.1030679D+37
 0.6144784D+01 0.1031277D+37
 0.6183129D+01 0.1031785D+37
 0.6221713D+01 0.1032202D+37
 0.6260538D+01 0.1032528D+37
 0.6299605D+01 0.1032762D+37
 0.6338916D+01 0.1032902D+37
 0.6378472D+01 0.1032950D+37
 0.6418275D+01 0.1032903D+37
 0.6458327D+01 0.1032761D+37
 0.6498628D+01 0.1032523D+37
 0.6539181D+01 0.1032190D+37
 0.6579987D+01 0.1031759D+37
 0.6621048D+01 0.1031231D+37
 0.6662364D+01 0.1030605D+37
 0.6703939D+01 0.1029881D+37
 0.6745773D+01 0.1029058D+37
 0.6787868D+01 0.1028135D+37
 0.6830226D+01 0.1027113D+37
 0.6872848D+01 0.1025990D+37
 0.6915736D+01 0.1024767D+37
 0.6958892D+01 0.1023442D+37
 0.7002317D+01 0.1022016D+37
 0.7046013D+01 0.1020489D+37
 0.7089981D+01 0.1018859D+37
 0.7134224D+01 0.1017128D+37
 0.7178744D+01 0.1015294D+37
 0.7223541D+01 0.1013357D+37
 0.7268617D+01 0.1011318D+37
 0.7313975D+01 0.1009176D+37
 0.7359616D+01 0.1006931D+37
 0.7405541D+01 0.1004583D+37
 0.7451753D+01 0.1002132D+37
 0.7498254D+01 0.9995786D+36
 0.7545045D+01 0.9969221D+36
 0.7592127D+01 0.9941628D+36
 0.7639504D+01 0.9913009D+36
 0.7687176D+01 0.9883366D+36
 0.7735146D+01 0.9852700D+36
 0.7783415D+01 0.9821014D+36
 0.7831985D+01 0.9788310D+36
 0.7880858D+01 0.9754593D+36
 0.7930037D+01 0.9719865D+36
 0.7979522D+01 0.9684130D+36
 0.8029316D+01 0.9647393D+36
 0.8079420D+01 0.9609659D+36
 0.8129838D+01 0.9570931D+36
 0.8180570D+01 0.9531217D+36
 0.8231618D+01 0.9490521D+36
 0.8282985D+01 0.9448850D+36
 0.8334673D+01 0.9406210D+36
 0.8386683D+01 0.9362610D+36
 0.8439018D+01 0.9318054D+36
 0.8491679D+01 0.9272553D+36
 0.8544669D+01 0.9226114D+36
 0.8597990D+01 0.9178744D+36
 0.8651643D+01 0.9130455D+36
 0.8705631D+01 0.9081253D+36
 0.8759956D+01 0.9031151D+36
 0.8814620D+01 0.8980157D+36
 0.8869625D+01 0.8928281D+36
 0.8924974D+01 0.8875536D+36
 0.8980668D+01 0.8821932D+36
 0.9036709D+01 0.8767480D+36
 0.9093100D+01 0.8712193D+36
 0.9149843D+01 0.8656083D+36
 0.9206940D+01 0.8599163D+36
 0.9264393D+01 0.8541446D+36
 0.9322205D+01 0.8482945D+36
 0.9380378D+01 0.8423675D+36
 0.9438913D+01 0.8363648D+36
 0.9497814D+01 0.8302880D+36
 0.9557083D+01 0.8241386D+36
 0.9616721D+01 0.8179181D+36
 0.9676731D+01 0.8116279D+36
 0.9737116D+01 0.8052698D+36
 0.9797878D+01 0.7988452D+36
 0.9859019D+01 0.7923559D+36
 0.9920541D+01 0.7858035D+36
 0.9982448D+01 0.7791897D+36
 0.1004474D+02 0.7725163D+36
 0.1010742D+02 0.7657850D+36
 0.1017049D+02 0.7589975D+36
 0.1023396D+02 0.7521557D+36
 0.1029782D+02 0.7452615D+36
 0.1036208D+02 0.7383166D+36
 0.1042674D+02 0.7313230D+36
 0.1049181D+02 0.7242825D+36
 0.1055728D+02 0.7171971D+36
 0.1062316D+02 0.7100687D+36
 0.1068945D+02 0.7028993D+36
 0.1075616D+02 0.6956908D+36
 0.1082328D+02 0.6884453D+36
 0.1089082D+02 0.6811648D+36
 0.1095878D+02 0.6738512D+36
 0.1102716D+02 0.6665067D+36
 0.1109597D+02 0.6591333D+36
 0.1116522D+02 0.6517330D+36
 0.1123489D+02 0.6443080D+36
 0.1130500D+02 0.6368602D+36
 0.1137554D+02 0.6293919D+36
 0.1144653D+02 0.6219050D+36
 0.1151796D+02 0.6144017D+36
 0.1158983D+02 0.6068842D+36
 0.1166216D+02 0.5993544D+36
 0.1173493D+02 0.5918146D+36
 0.1180816D+02 0.5842668D+36
 0.1188184D+02 0.5767131D+36
 0.1195599D+02 0.5691557D+36
 0.1203060D+02 0.5615966D+36
 0.1210567D+02 0.5540380D+36
 0.1218121D+02 0.5464819D+36
 0.1225723D+02 0.5389305D+36
 0.1233371D+02 0.5313857D+36
 0.1241068D+02 0.5238497D+36
 0.1248812D+02 0.5163246D+36
 0.1256605D+02 0.5088123D+36
 0.1264447D+02 0.5013149D+36
 0.1272337D+02 0.4938344D+36
 0.1280277D+02 0.4863728D+36
 0.1288266D+02 0.4789321D+36
 0.1296305D+02 0.4715142D+36
 0.1304394D+02 0.4641211D+36
 0.1312534D+02 0.4567547D+36
 0.1320725D+02 0.4494169D+36
 0.1328966D+02 0.4421096D+36
 0.1337259D+02 0.4348345D+36
 0.1345604D+02 0.4275936D+36
 0.1354001D+02 0.4203887D+36
 0.1362450D+02 0.4132214D+36
 0.1370952D+02 0.4060936D+36
 0.1379507D+02 0.3990070D+36
 0.1388116D+02 0.3919631D+36
 0.1396778D+02 0.3849638D+36
 0.1405494D+02 0.3780105D+36
 0.1414265D+02 0.3711048D+36
 0.1423090D+02 0.3642484D+36
 0.1431970D+02 0.3574427D+36
 0.1440906D+02 0.3506891D+36
 0.1449898D+02 0.3439892D+36
 0.1458945D+02 0.3373442D+36
 0.1468049D+02 0.3307557D+36
 0.1477210D+02 0.3242248D+36
 0.1486429D+02 0.3177528D+36
 0.1495704D+02 0.3113411D+36
 0.1505038D+02 0.3049907D+36
 0.1514429D+02 0.2987029D+36
 0.1523880D+02 0.2924788D+36
 0.1533389D+02 0.2863193D+36
 0.1542958D+02 0.2802256D+36
 0.1552586D+02 0.2741986D+36
 0.1562275D+02 0.2682393D+36
 0.1572024D+02 0.2623485D+36
 0.1581833D+02 0.2565272D+36
 0.1591704D+02 0.2507760D+36
 0.1601637D+02 0.2450958D+36
 0.1611632D+02 0.2394873D+36
 0.1621688D+02 0.2339511D+36
 0.1631808D+02 0.2284879D+36
 0.1641991D+02 0.2230983D+36
 0.1652237D+02 0.2177827D+36
 0.1662548D+02 0.2125417D+36
 0.1672922D+02 0.2073756D+36
 0.1683362D+02 0.2022850D+36
 0.1693866D+02 0.1972702D+36
 0.1704436D+02 0.1923314D+36
 0.1715072D+02 0.1874690D+36
 0.1725775D+02 0.1826831D+36
 0.1736544D+02 0.1779739D+36
 0.1747381D+02 0.1733416D+36
 0.1758285D+02 0.1687863D+36
 0.1769257D+02 0.1643080D+36
 0.1780297D+02 0.1599067D+36
 0.1791407D+02 0.1555824D+36
 0.1802585D+02 0.1513350D+36
 0.1813834D+02 0.1471644D+36
 0.1825153D+02 0.1430704D+36
 0.1836542D+02 0.1390529D+36
 0.1848002D+02 0.1351117D+36
 0.1859534D+02 0.1312464D+36
 0.1871138D+02 0.1274567D+36
 0.1882815D+02 0.1237424D+36
 0.1894564D+02 0.1201031D+36
 0.1906386D+02 0.1165382D+36
 0.1918283D+02 0.1130475D+36
 0.1930253D+02 0.1096304D+36
 0.1942298D+02 0.1062865D+36
 0.1954419D+02 0.1030151D+36
 0.1966615D+02 0.9981578D+35
 0.1978887D+02 0.9668789D+35
 0.1991235D+02 0.9363082D+35
 0.2003661D+02 0.9064393D+35
 0.2016164D+02 0.8772653D+35
 0.2028746D+02 0.8487794D+35
 0.2041406D+02 0.8209744D+35
 0.2054144D+02 0.7938427D+35
 0.2066963D+02 0.7673769D+35
 0.2079861D+02 0.7415690D+35
 0.2092840D+02 0.7164109D+35
 0.2105899D+02 0.6918945D+35
 0.2119041D+02 0.6680113D+35
 0.2132264D+02 0.6447529D+35
 0.2145570D+02 0.6221103D+35
 0.2158959D+02 0.6000748D+35
 0.2172431D+02 0.5786374D+35
 0.2185987D+02 0.5577889D+35
 0.2199629D+02 0.5375201D+35
 0.2213355D+02 0.5178217D+35
 0.2227167D+02 0.4986842D+35
 0.2241065D+02 0.4800981D+35
 0.2255049D+02 0.4620538D+35
 0.2269121D+02 0.4445417D+35
 0.2283281D+02 0.4275520D+35
 0.2297529D+02 0.4110750D+35
 0.2311866D+02 0.3951009D+35
 0.2326293D+02 0.3796198D+35
 0.2340809D+02 0.3646220D+35
 0.2355417D+02 0.3500975D+35
 0.2370115D+02 0.3360366D+35
 0.2384905D+02 0.3224295D+35
 0.2399787D+02 0.3092661D+35
 0.2414762D+02 0.2965369D+35
 0.2429831D+02 0.2842320D+35
 0.2444994D+02 0.2723417D+35
 0.2460251D+02 0.2608563D+35
 0.2475604D+02 0.2497661D+35
 0.2491052D+02 0.2390617D+35
 0.2506597D+02 0.2287335D+35
 0.2522238D+02 0.2187720D+35
 0.2537978D+02 0.2091680D+35
 0.2553815D+02 0.1999121D+35
 0.2569752D+02 0.1909953D+35
 0.2585787D+02 0.1824083D+35
 0.2601923D+02 0.1741423D+35
 0.2618160D+02 0.1661884D+35
 0.2634498D+02 0.1585377D+35
 0.2650938D+02 0.1511817D+35
 0.2667480D+02 0.1441119D+35
 0.2684126D+02 0.1373197D+35
 0.2700875D+02 0.1307970D+35
 0.2717729D+02 0.1245356D+35
 0.2734688D+02 0.1185274D+35
 0.2751753D+02 0.1127646D+35
 0.2768925D+02 0.1072395D+35
 0.2786204D+02 0.1019444D+35
 0.2803590D+02 0.9687181D+34
 0.2821085D+02 0.9201447D+34
 0.2838689D+02 0.8736520D+34
 0.2856403D+02 0.8291694D+34
 0.2874228D+02 0.7866282D+34
 0.2892164D+02 0.7459611D+34
 0.2910212D+02 0.7071021D+34
 0.2928372D+02 0.6699869D+34
 0.2946646D+02 0.6345526D+34
 0.2965033D+02 0.6007379D+34
 0.2983536D+02 0.5684828D+34
 0.3002154D+02 0.5377290D+34
 0.3020888D+02 0.5084197D+34
 0.3039739D+02 0.4804994D+34
 0.3058707D+02 0.4539143D+34
 0.3077794D+02 0.4286119D+34
 0.3097001D+02 0.4045411D+34
 0.3116327D+02 0.3816526D+34
 0.3135773D+02 0.3598982D+34
 0.3155341D+02 0.3392313D+34
 0.3175031D+02 0.3196065D+34
 0.3194844D+02 0.3009801D+34
 0.3214780D+02 0.2833094D+34
 0.3234841D+02 0.2665534D+34
 0.3255027D+02 0.2506723D+34
 0.3275340D+02 0.2356275D+34
 0.3295778D+02 0.2213818D+34
 0.3316345D+02 0.2078993D+34
 0.3337039D+02 0.1951453D+34
 0.3357863D+02 0.1830863D+34
 0.3378817D+02 0.1716899D+34
 0.3399902D+02 0.1609252D+34
 0.3421118D+02 0.1507621D+34
 0.3442466D+02 0.1411717D+34
 0.3463948D+02 0.1321265D+34
 0.3485564D+02 0.1235995D+34
 0.3507315D+02 0.1155653D+34
 0.3529201D+02 0.1079993D+34
 0.3551224D+02 0.1008777D+34
 0.3573384D+02 0.9417795D+33
 0.3595683D+02 0.8787833D+33
 0.3618121D+02 0.8195802D+33
 0.3640699D+02 0.7639710D+33
 0.3663418D+02 0.7117652D+33
 0.3686278D+02 0.6627803D+33
 0.3709281D+02 0.6168423D+33
 0.3732428D+02 0.5737847D+33
 0.3755719D+02 0.5334487D+33
 0.3779156D+02 0.4956828D+33
 0.3802738D+02 0.4603426D+33
 0.3826468D+02 0.4272903D+33
 0.3850346D+02 0.3963951D+33
 0.3874373D+02 0.3675320D+33
 0.3898550D+02 0.3405826D+33
 0.3922878D+02 0.3154341D+33
 0.3947358D+02 0.2919794D+33
 0.3971990D+02 0.2701169D+33
 0.3996776D+02 0.2497501D+33
 0.4021717D+02 0.2307877D+33
 0.4046813D+02 0.2131430D+33
 0.4072066D+02 0.1967340D+33
 0.4097477D+02 0.1814831D+33
 0.4123046D+02 0.1673170D+33
 0.4148775D+02 0.1541662D+33
 0.4174664D+02 0.1419652D+33
 0.4200715D+02 0.1306523D+33
 0.4226928D+02 0.1201691D+33
 0.4253305D+02 0.1104607D+33
 0.4279847D+02 0.1014752D+33
 0.4306554D+02 0.9316403D+32
 0.4333428D+02 0.8548124D+32
 0.4360469D+02 0.7838374D+32
 0.4387680D+02 0.7183105D+32
 0.4415060D+02 0.6578515D+32
 0.4442611D+02 0.6021036D+32
 0.4470333D+02 0.5507324D+32
 0.4498229D+02 0.5034246D+32
 0.4526299D+02 0.4598868D+32
 0.4554544D+02 0.4198445D+32
 0.4582966D+02 0.3830411D+32
 0.4611564D+02 0.3492367D+32
 0.4640342D+02 0.3182073D+32
 0.4669298D+02 0.2897441D+32
 0.4698436D+02 0.2636522D+32
 0.4727755D+02 0.2397501D+32
 0.4757257D+02 0.2178689D+32
 0.4786944D+02 0.1978511D+32
 0.4816815D+02 0.1795507D+32
 0.4846873D+02 0.1628318D+32
 0.4877119D+02 0.1475683D+32
 0.4907553D+02 0.1336431D+32
 0.4938177D+02 0.1209478D+32
 0.4968992D+02 0.1093820D+32
 0.5000000D+02 0.9885249D+31
