 0.1000000D+00 0.1732968D+34 0.1595965D+34 0.1446478D+34
 0.1006240D+00 0.1754408D+34 0.1615712D+34 0.1464377D+34
 0.1012519D+00 0.1776111D+34 0.1635702D+34 0.1482497D+34
 0.1018838D+00 0.1798082D+34 0.1655938D+34 0.1500839D+34
 0.1025195D+00 0.1820322D+34 0.1676422D+34 0.1519407D+34
 0.1031593D+00 0.1842836D+34 0.1697158D+34 0.1538203D+34
 0.1038030D+00 0.1865626D+34 0.1718150D+34 0.1557230D+34
 0.1044508D+00 0.1888696D+34 0.1739399D+34 0.1576491D+34
 0.1051026D+00 0.1912050D+34 0.1760909D+34 0.1595989D+34
 0.1057584D+00 0.1935691D+34 0.1782684D+34 0.1615726D+34
 0.1064184D+00 0.1959622D+34 0.1804726D+34 0.1635706D+34
 0.1070825D+00 0.1983847D+34 0.1827039D+34 0.1655931D+34
 0.1077507D+00 0.2008370D+34 0.1849627D+34 0.1676405D+34
 0.1084231D+00 0.2033194D+34 0.1872491D+34 0.1697131D+34
 0.1090997D+00 0.2058322D+34 0.1895637D+34 0.1718111D+34
 0.1097805D+00 0.2083759D+34 0.1919066D+34 0.1739348D+34
 0.1104655D+00 0.2109509D+34 0.1942783D+34 0.1760847D+34
 0.1111549D+00 0.2135574D+34 0.1966792D+34 0.1782609D+34
 0.1118485D+00 0.2161959D+34 0.1991095D+34 0.1804639D+34
 0.1125464D+00 0.2188668D+34 0.2015696D+34 0.1826939D+34
 0.1132488D+00 0.2215705D+34 0.2040599D+34 0.1849512D+34
 0.1139555D+00 0.2243073D+34 0.2065808D+34 0.1872363D+34
 0.1146666D+00 0.2270777D+34 0.2091326D+34 0.1895494D+34
 0.1153821D+00 0.2298821D+34 0.2117157D+34 0.1918909D+34
 0.1161021D+00 0.2327209D+34 0.2143305D+34 0.1942611D+34
 0.1168266D+00 0.2355944D+34 0.2169773D+34 0.1966604D+34
 0.1175556D+00 0.2385032D+34 0.2196566D+34 0.1990891D+34
 0.1182892D+00 0.2414477D+34 0.2223688D+34 0.2015475D+34
 0.1190274D+00 0.2444282D+34 0.2251142D+34 0.2040362D+34
 0.1197701D+00 0.2474453D+34 0.2278932D+34 0.2065553D+34
 0.1205175D+00 0.2504993D+34 0.2307064D+34 0.2091053D+34
 0.1212696D+00 0.2535908D+34 0.2335539D+34 0.2116866D+34
 0.1220263D+00 0.2567201D+34 0.2364364D+34 0.2142995D+34
 0.1227878D+00 0.2598877D+34 0.2393542D+34 0.2169444D+34
 0.1235540D+00 0.2630942D+34 0.2423077D+34 0.2196217D+34
 0.1243250D+00 0.2663398D+34 0.2452974D+34 0.2223318D+34
 0.1251008D+00 0.2696253D+34 0.2483237D+34 0.2250751D+34
 0.1258815D+00 0.2729509D+34 0.2513870D+34 0.2278520D+34
 0.1266670D+00 0.2763172D+34 0.2544878D+34 0.2306628D+34
 0.1274574D+00 0.2797248D+34 0.2576266D+34 0.2335081D+34
 0.1282528D+00 0.2831740D+34 0.2608039D+34 0.2363883D+34
 0.1290531D+00 0.2866654D+34 0.2640199D+34 0.2393036D+34
 0.1298584D+00 0.2901995D+34 0.2672754D+34 0.2422547D+34
 0.1306688D+00 0.2937769D+34 0.2705706D+34 0.2452418D+34
 0.1314842D+00 0.2973980D+34 0.2739062D+34 0.2482655D+34
 0.1323047D+00 0.3010633D+34 0.2772825D+34 0.2513262D+34
 0.1331303D+00 0.3047735D+34 0.2807001D+34 0.2544243D+34
 0.1339611D+00 0.3085290D+34 0.2841596D+34 0.2575603D+34
 0.1347970D+00 0.3123304D+34 0.2876613D+34 0.2607346D+34
 0.1356382D+00 0.3161782D+34 0.2912057D+34 0.2639478D+34
 0.1364846D+00 0.3200731D+34 0.2947935D+34 0.2672002D+34
 0.1373363D+00 0.3240155D+34 0.2984252D+34 0.2704923D+34
 0.1381933D+00 0.3280061D+34 0.3021012D+34 0.2738247D+34
 0.1390556D+00 0.3320454D+34 0.3058221D+34 0.2771978D+34
 0.1399234D+00 0.3361340D+34 0.3095884D+34 0.2806120D+34
 0.1407965D+00 0.3402725D+34 0.3134007D+34 0.2840680D+34
 0.1416751D+00 0.3444615D+34 0.3172596D+34 0.2875662D+34
 0.1425592D+00 0.3487017D+34 0.3211655D+34 0.2911071D+34
 0.1434488D+00 0.3529936D+34 0.3251192D+34 0.2946912D+34
 0.1443440D+00 0.3573378D+34 0.3291210D+34 0.2983190D+34
 0.1452447D+00 0.3617350D+34 0.3331717D+34 0.3019911D+34
 0.1461511D+00 0.3661859D+34 0.3372718D+34 0.3057080D+34
 0.1470631D+00 0.3706910D+34 0.3414219D+34 0.3094703D+34
 0.1479808D+00 0.3752510D+34 0.3456226D+34 0.3132784D+34
 0.1489042D+00 0.3798666D+34 0.3498745D+34 0.3171330D+34
 0.1498334D+00 0.3845385D+34 0.3541783D+34 0.3210346D+34
 0.1507684D+00 0.3892673D+34 0.3585345D+34 0.3249837D+34
 0.1517092D+00 0.3940537D+34 0.3629438D+34 0.3289810D+34
 0.1526559D+00 0.3988983D+34 0.3674068D+34 0.3330270D+34
 0.1536085D+00 0.4038020D+34 0.3719241D+34 0.3371222D+34
 0.1545671D+00 0.4087654D+34 0.3764965D+34 0.3412674D+34
 0.1555316D+00 0.4137892D+34 0.3811246D+34 0.3454630D+34
 0.1565022D+00 0.4188741D+34 0.3858090D+34 0.3497098D+34
 0.1574788D+00 0.4240210D+34 0.3905504D+34 0.3540082D+34
 0.1584615D+00 0.4292304D+34 0.3953495D+34 0.3583590D+34
 0.1594503D+00 0.4345032D+34 0.4002070D+34 0.3627627D+34
 0.1604453D+00 0.4398401D+34 0.4051237D+34 0.3672200D+34
 0.1614465D+00 0.4452420D+34 0.4101001D+34 0.3717316D+34
 0.1624540D+00 0.4507095D+34 0.4151370D+34 0.3762980D+34
 0.1634677D+00 0.4562435D+34 0.4202352D+34 0.3809199D+34
 0.1644878D+00 0.4618447D+34 0.4253953D+34 0.3855981D+34
 0.1655143D+00 0.4675140D+34 0.4306182D+34 0.3903331D+34
 0.1665471D+00 0.4732521D+34 0.4359046D+34 0.3951257D+34
 0.1675864D+00 0.4790599D+34 0.4412551D+34 0.3999765D+34
 0.1686322D+00 0.4849383D+34 0.4466707D+34 0.4048863D+34
 0.1696845D+00 0.4908880D+34 0.4521520D+34 0.4098557D+34
 0.1707433D+00 0.4969100D+34 0.4576999D+34 0.4148854D+34
 0.1718088D+00 0.5030050D+34 0.4633151D+34 0.4199763D+34
 0.1728809D+00 0.5091740D+34 0.4689985D+34 0.4251289D+34
 0.1739598D+00 0.5154179D+34 0.4747509D+34 0.4303441D+34
 0.1750453D+00 0.5217374D+34 0.4805730D+34 0.4356226D+34
 0.1761376D+00 0.5281336D+34 0.4864658D+34 0.4409651D+34
 0.1772368D+00 0.5346074D+34 0.4924300D+34 0.4463724D+34
 0.1783428D+00 0.5411596D+34 0.4984666D+34 0.4518454D+34
 0.1794557D+00 0.5477912D+34 0.5045763D+34 0.4573846D+34
 0.1805755D+00 0.5545032D+34 0.5107601D+34 0.4629911D+34
 0.1817023D+00 0.5612964D+34 0.5170188D+34 0.4686655D+34
 0.1828362D+00 0.5681720D+34 0.5233534D+34 0.4744086D+34
 0.1839771D+00 0.5751308D+34 0.5297647D+34 0.4802214D+34
 0.1851252D+00 0.5821738D+34 0.5362536D+34 0.4861045D+34
 0.1862804D+00 0.5893021D+34 0.5428210D+34 0.4920589D+34
 0.1874428D+00 0.5965166D+34 0.5494680D+34 0.4980854D+34
 0.1886125D+00 0.6038184D+34 0.5561954D+34 0.5041849D+34
 0.1897895D+00 0.6112085D+34 0.5630042D+34 0.5103582D+34
 0.1909738D+00 0.6186880D+34 0.5698954D+34 0.5166061D+34
 0.1921655D+00 0.6262579D+34 0.5768699D+34 0.5229297D+34
 0.1933647D+00 0.6339193D+34 0.5839287D+34 0.5293297D+34
 0.1945713D+00 0.6416733D+34 0.5910729D+34 0.5358072D+34
 0.1957855D+00 0.6495209D+34 0.5983034D+34 0.5423629D+34
 0.1970073D+00 0.6574634D+34 0.6056213D+34 0.5489979D+34
 0.1982366D+00 0.6655017D+34 0.6130275D+34 0.5557130D+34
 0.1994737D+00 0.6736371D+34 0.6205233D+34 0.5625093D+34
 0.2007184D+00 0.6818707D+34 0.6281095D+34 0.5693876D+34
 0.2019709D+00 0.6902037D+34 0.6357873D+34 0.5763490D+34
 0.2032313D+00 0.6986371D+34 0.6435577D+34 0.5833945D+34
 0.2044995D+00 0.7071723D+34 0.6514220D+34 0.5905250D+34
 0.2057756D+00 0.7158104D+34 0.6593810D+34 0.5977415D+34
 0.2070597D+00 0.7245527D+34 0.6674361D+34 0.6050451D+34
 0.2083518D+00 0.7334003D+34 0.6755883D+34 0.6124368D+34
 0.2096520D+00 0.7423545D+34 0.6838387D+34 0.6199176D+34
 0.2109602D+00 0.7514166D+34 0.6921886D+34 0.6274886D+34
 0.2122767D+00 0.7605878D+34 0.7006391D+34 0.6351508D+34
 0.2136013D+00 0.7698694D+34 0.7091914D+34 0.6429054D+34
 0.2149342D+00 0.7792628D+34 0.7178466D+34 0.6507533D+34
 0.2162755D+00 0.7887691D+34 0.7266060D+34 0.6586958D+34
 0.2176251D+00 0.7983899D+34 0.7354709D+34 0.6667339D+34
 0.2189831D+00 0.8081264D+34 0.7444425D+34 0.6748688D+34
 0.2203496D+00 0.8179799D+34 0.7535219D+34 0.6831015D+34
 0.2217246D+00 0.8279519D+34 0.7627106D+34 0.6914333D+34
 0.2231083D+00 0.8380438D+34 0.7720097D+34 0.6998653D+34
 0.2245005D+00 0.8482569D+34 0.7814206D+34 0.7083987D+34
 0.2259014D+00 0.8585927D+34 0.7909446D+34 0.7170347D+34
 0.2273111D+00 0.8690526D+34 0.8005830D+34 0.7257745D+34
 0.2287296D+00 0.8796380D+34 0.8103372D+34 0.7346192D+34
 0.2301569D+00 0.8903505D+34 0.8202085D+34 0.7435703D+34
 0.2315931D+00 0.9011916D+34 0.8301983D+34 0.7526287D+34
 0.2330383D+00 0.9121626D+34 0.8403079D+34 0.7617960D+34
 0.2344925D+00 0.9232653D+34 0.8505389D+34 0.7710732D+34
 0.2359558D+00 0.9345010D+34 0.8608925D+34 0.7804618D+34
 0.2374282D+00 0.9458714D+34 0.8713703D+34 0.7899630D+34
 0.2389098D+00 0.9573780D+34 0.8819737D+34 0.7995781D+34
 0.2404007D+00 0.9690225D+34 0.8927042D+34 0.8093085D+34
 0.2419008D+00 0.9808064D+34 0.9035632D+34 0.8191555D+34
 0.2434104D+00 0.9927313D+34 0.9145522D+34 0.8291205D+34
 0.2449293D+00 0.1004799D+35 0.9256729D+34 0.8392048D+34
 0.2464577D+00 0.1017011D+35 0.9369266D+34 0.8494099D+34
 0.2479957D+00 0.1029369D+35 0.9483150D+34 0.8597371D+34
 0.2495432D+00 0.1041875D+35 0.9598397D+34 0.8701880D+34
 0.2511004D+00 0.1054530D+35 0.9715021D+34 0.8807638D+34
 0.2526673D+00 0.1067337D+35 0.9833040D+34 0.8914662D+34
 0.2542440D+00 0.1080296D+35 0.9952469D+34 0.9022965D+34
 0.2558306D+00 0.1093411D+35 0.1007333D+35 0.9132563D+34
 0.2574270D+00 0.1106682D+35 0.1019563D+35 0.9243470D+34
 0.2590334D+00 0.1120111D+35 0.1031939D+35 0.9355702D+34
 0.2606498D+00 0.1133700D+35 0.1044462D+35 0.9469275D+34
 0.2622763D+00 0.1147452D+35 0.1057135D+35 0.9584203D+34
 0.2639130D+00 0.1161367D+35 0.1069960D+35 0.9700503D+34
 0.2655599D+00 0.1175449D+35 0.1082937D+35 0.9818190D+34
 0.2672170D+00 0.1189698D+35 0.1096069D+35 0.9937281D+34
 0.2688845D+00 0.1204117D+35 0.1109358D+35 0.1005779D+35
 0.2705624D+00 0.1218707D+35 0.1122804D+35 0.1017974D+35
 0.2722508D+00 0.1233471D+35 0.1136411D+35 0.1030314D+35
 0.2739497D+00 0.1248411D+35 0.1150180D+35 0.1042801D+35
 0.2756592D+00 0.1263529D+35 0.1164113D+35 0.1055437D+35
 0.2773794D+00 0.1278826D+35 0.1178212D+35 0.1068223D+35
 0.2791103D+00 0.1294306D+35 0.1192478D+35 0.1081161D+35
 0.2808520D+00 0.1309969D+35 0.1206914D+35 0.1094253D+35
 0.2826046D+00 0.1325818D+35 0.1221521D+35 0.1107501D+35
 0.2843681D+00 0.1341855D+35 0.1236303D+35 0.1120906D+35
 0.2861426D+00 0.1358083D+35 0.1251259D+35 0.1134471D+35
 0.2879282D+00 0.1374504D+35 0.1266393D+35 0.1148197D+35
 0.2897249D+00 0.1391119D+35 0.1281707D+35 0.1162085D+35
 0.2915329D+00 0.1407931D+35 0.1297203D+35 0.1176139D+35
 0.2933521D+00 0.1424943D+35 0.1312882D+35 0.1190359D+35
 0.2951827D+00 0.1442156D+35 0.1328747D+35 0.1204748D+35
 0.2970247D+00 0.1459573D+35 0.1344800D+35 0.1219308D+35
 0.2988782D+00 0.1477196D+35 0.1361044D+35 0.1234040D+35
 0.3007432D+00 0.1495027D+35 0.1377480D+35 0.1248947D+35
 0.3026200D+00 0.1513070D+35 0.1394110D+35 0.1264030D+35
 0.3045084D+00 0.1531326D+35 0.1410937D+35 0.1279292D+35
 0.3064086D+00 0.1549798D+35 0.1427964D+35 0.1294735D+35
 0.3083206D+00 0.1568489D+35 0.1445191D+35 0.1310360D+35
 0.3102446D+00 0.1587400D+35 0.1462622D+35 0.1326171D+35
 0.3121806D+00 0.1606534D+35 0.1480260D+35 0.1342168D+35
 0.3141287D+00 0.1625894D+35 0.1498105D+35 0.1358354D+35
 0.3160889D+00 0.1645483D+35 0.1516162D+35 0.1374731D+35
 0.3180614D+00 0.1665303D+35 0.1534431D+35 0.1391302D+35
 0.3200461D+00 0.1685356D+35 0.1552916D+35 0.1408068D+35
 0.3220433D+00 0.1705646D+35 0.1571619D+35 0.1425032D+35
 0.3240529D+00 0.1726175D+35 0.1590542D+35 0.1442197D+35
 0.3260751D+00 0.1746946D+35 0.1609689D+35 0.1459563D+35
 0.3281099D+00 0.1767961D+35 0.1629060D+35 0.1477135D+35
 0.3301573D+00 0.1789223D+35 0.1648660D+35 0.1494913D+35
 0.3322176D+00 0.1810735D+35 0.1668491D+35 0.1512901D+35
 0.3342907D+00 0.1832501D+35 0.1688555D+35 0.1531100D+35
 0.3363768D+00 0.1854522D+35 0.1708855D+35 0.1549514D+35
 0.3384758D+00 0.1876801D+35 0.1729394D+35 0.1568144D+35
 0.3405880D+00 0.1899343D+35 0.1750173D+35 0.1586993D+35
 0.3427133D+00 0.1922149D+35 0.1771197D+35 0.1606064D+35
 0.3448519D+00 0.1945222D+35 0.1792468D+35 0.1625358D+35
 0.3470039D+00 0.1968566D+35 0.1813988D+35 0.1644879D+35
 0.3491693D+00 0.1992184D+35 0.1835761D+35 0.1664630D+35
 0.3513482D+00 0.2016078D+35 0.1857789D+35 0.1684612D+35
 0.3535406D+00 0.2040252D+35 0.1880075D+35 0.1704828D+35
 0.3557468D+00 0.2064709D+35 0.1902622D+35 0.1725281D+35
 0.3579668D+00 0.2089452D+35 0.1925433D+35 0.1745974D+35
 0.3602005D+00 0.2114485D+35 0.1948512D+35 0.1766909D+35
 0.3624483D+00 0.2139810D+35 0.1971860D+35 0.1788090D+35
 0.3647100D+00 0.2165431D+35 0.1995481D+35 0.1809518D+35
 0.3669859D+00 0.2191351D+35 0.2019378D+35 0.1831196D+35
 0.3692760D+00 0.2217574D+35 0.2043554D+35 0.1853129D+35
 0.3715803D+00 0.2244102D+35 0.2068013D+35 0.1875317D+35
 0.3738991D+00 0.2270940D+35 0.2092757D+35 0.1897764D+35
 0.3762323D+00 0.2298091D+35 0.2117789D+35 0.1920474D+35
 0.3785801D+00 0.2325558D+35 0.2143114D+35 0.1943448D+35
 0.3809425D+00 0.2353345D+35 0.2168733D+35 0.1966690D+35
 0.3833196D+00 0.2381456D+35 0.2194651D+35 0.1990204D+35
 0.3857116D+00 0.2409893D+35 0.2220871D+35 0.2013991D+35
 0.3881186D+00 0.2438661D+35 0.2247396D+35 0.2038055D+35
 0.3905405D+00 0.2467763D+35 0.2274229D+35 0.2062399D+35
 0.3929776D+00 0.2497204D+35 0.2301374D+35 0.2087026D+35
 0.3954298D+00 0.2526986D+35 0.2328835D+35 0.2111940D+35
 0.3978974D+00 0.2557113D+35 0.2356614D+35 0.2137143D+35
 0.4003804D+00 0.2587590D+35 0.2384716D+35 0.2162639D+35
 0.4028788D+00 0.2618421D+35 0.2413144D+35 0.2188431D+35
 0.4053929D+00 0.2649608D+35 0.2441902D+35 0.2214522D+35
 0.4079226D+00 0.2681157D+35 0.2470993D+35 0.2240916D+35
 0.4104682D+00 0.2713070D+35 0.2500421D+35 0.2267616D+35
 0.4130296D+00 0.2745353D+35 0.2530189D+35 0.2294625D+35
 0.4156070D+00 0.2778009D+35 0.2560302D+35 0.2321947D+35
 0.4182004D+00 0.2811042D+35 0.2590763D+35 0.2349585D+35
 0.4208101D+00 0.2844457D+35 0.2621576D+35 0.2377543D+35
 0.4234360D+00 0.2878257D+35 0.2652745D+35 0.2405823D+35
 0.4260784D+00 0.2912447D+35 0.2684274D+35 0.2434431D+35
 0.4287372D+00 0.2947031D+35 0.2716167D+35 0.2463369D+35
 0.4314126D+00 0.2982014D+35 0.2748427D+35 0.2492641D+35
 0.4341047D+00 0.3017399D+35 0.2781060D+35 0.2522251D+35
 0.4368136D+00 0.3053192D+35 0.2814068D+35 0.2552201D+35
 0.4395394D+00 0.3089396D+35 0.2847456D+35 0.2582497D+35
 0.4422823D+00 0.3126017D+35 0.2881228D+35 0.2613142D+35
 0.4450422D+00 0.3163058D+35 0.2915389D+35 0.2644140D+35
 0.4478194D+00 0.3200524D+35 0.2949942D+35 0.2675494D+35
 0.4506139D+00 0.3238421D+35 0.2984892D+35 0.2707208D+35
 0.4534258D+00 0.3276751D+35 0.3020243D+35 0.2739287D+35
 0.4562553D+00 0.3315522D+35 0.3056000D+35 0.2771734D+35
 0.4591024D+00 0.3354736D+35 0.3092167D+35 0.2804553D+35
 0.4619673D+00 0.3394399D+35 0.3128748D+35 0.2837749D+35
 0.4648501D+00 0.3434515D+35 0.3165748D+35 0.2871325D+35
 0.4677508D+00 0.3475090D+35 0.3203171D+35 0.2905286D+35
 0.4706697D+00 0.3516129D+35 0.3241022D+35 0.2939635D+35
 0.4736068D+00 0.3557636D+35 0.3279306D+35 0.2974378D+35
 0.4765622D+00 0.3599617D+35 0.3318027D+35 0.3009517D+35
 0.4795361D+00 0.3642076D+35 0.3357190D+35 0.3045058D+35
 0.4825285D+00 0.3685020D+35 0.3396800D+35 0.3081005D+35
 0.4855395D+00 0.3728452D+35 0.3436861D+35 0.3117362D+35
 0.4885694D+00 0.3772378D+35 0.3477379D+35 0.3154133D+35
 0.4916182D+00 0.3816804D+35 0.3518358D+35 0.3191324D+35
 0.4946860D+00 0.3861735D+35 0.3559803D+35 0.3228938D+35
 0.4977729D+00 0.3907176D+35 0.3601720D+35 0.3266980D+35
 0.5008792D+00 0.3953133D+35 0.3644112D+35 0.3305455D+35
 0.5040048D+00 0.3999611D+35 0.3686986D+35 0.3344367D+35
 0.5071499D+00 0.4046616D+35 0.3730347D+35 0.3383721D+35
 0.5103146D+00 0.4094153D+35 0.3774199D+35 0.3423521D+35
 0.5134991D+00 0.4142228D+35 0.3818548D+35 0.3463773D+35
 0.5167034D+00 0.4190847D+35 0.3863399D+35 0.3504481D+35
 0.5199277D+00 0.4240015D+35 0.3908757D+35 0.3545651D+35
 0.5231722D+00 0.4289738D+35 0.3954629D+35 0.3587286D+35
 0.5264369D+00 0.4340023D+35 0.4001018D+35 0.3629392D+35
 0.5297220D+00 0.4390874D+35 0.4047932D+35 0.3671974D+35
 0.5330276D+00 0.4442299D+35 0.4095374D+35 0.3715037D+35
 0.5363538D+00 0.4494302D+35 0.4143352D+35 0.3758586D+35
 0.5397008D+00 0.4546891D+35 0.4191870D+35 0.3802626D+35
 0.5430686D+00 0.4600070D+35 0.4240934D+35 0.3847162D+35
 0.5464575D+00 0.4653848D+35 0.4290550D+35 0.3892200D+35
 0.5498675D+00 0.4708228D+35 0.4340723D+35 0.3937744D+35
 0.5532988D+00 0.4763219D+35 0.4391460D+35 0.3983801D+35
 0.5567515D+00 0.4818826D+35 0.4442767D+35 0.4030375D+35
 0.5602257D+00 0.4875056D+35 0.4494649D+35 0.4077472D+35
 0.5637217D+00 0.4931915D+35 0.4547112D+35 0.4125097D+35
 0.5672394D+00 0.4989410D+35 0.4600163D+35 0.4173256D+35
 0.5707791D+00 0.5047547D+35 0.4653807D+35 0.4221955D+35
 0.5743409D+00 0.5106333D+35 0.4708050D+35 0.4271198D+35
 0.5779249D+00 0.5165774D+35 0.4762900D+35 0.4320992D+35
 0.5815313D+00 0.5225878D+35 0.4818361D+35 0.4371343D+35
 0.5851602D+00 0.5286652D+35 0.4874441D+35 0.4422255D+35
 0.5888117D+00 0.5348101D+35 0.4931146D+35 0.4473736D+35
 0.5924860D+00 0.5410234D+35 0.4988482D+35 0.4525790D+35
 0.5961833D+00 0.5473056D+35 0.5046456D+35 0.4578424D+35
 0.5999036D+00 0.5536576D+35 0.5105075D+35 0.4631644D+35
 0.6036471D+00 0.5600800D+35 0.5164344D+35 0.4685455D+35
 0.6074140D+00 0.5665736D+35 0.5224270D+35 0.4739865D+35
 0.6112044D+00 0.5731390D+35 0.5284861D+35 0.4794878D+35
 0.6150184D+00 0.5797770D+35 0.5346123D+35 0.4850501D+35
 0.6188563D+00 0.5864884D+35 0.5408063D+35 0.4906740D+35
 0.6227181D+00 0.5932738D+35 0.5470687D+35 0.4963602D+35
 0.6266040D+00 0.6001341D+35 0.5534003D+35 0.5021093D+35
 0.6305141D+00 0.6070699D+35 0.5598018D+35 0.5079219D+35
 0.6344487D+00 0.6140821D+35 0.5662739D+35 0.5137987D+35
 0.6384078D+00 0.6211714D+35 0.5728173D+35 0.5197403D+35
 0.6423916D+00 0.6283387D+35 0.5794326D+35 0.5257473D+35
 0.6464002D+00 0.6355845D+35 0.5861207D+35 0.5318206D+35
 0.6504339D+00 0.6429099D+35 0.5928823D+35 0.5379606D+35
 0.6544928D+00 0.6503155D+35 0.5997180D+35 0.5441681D+35
 0.6585769D+00 0.6578021D+35 0.6066287D+35 0.5504437D+35
 0.6626866D+00 0.6653706D+35 0.6136151D+35 0.5567882D+35
 0.6668219D+00 0.6730218D+35 0.6206780D+35 0.5632022D+35
 0.6709830D+00 0.6807564D+35 0.6278180D+35 0.5696864D+35
 0.6751701D+00 0.6885754D+35 0.6350360D+35 0.5762415D+35
 0.6793833D+00 0.6964795D+35 0.6423328D+35 0.5828683D+35
 0.6836228D+00 0.7044696D+35 0.6497090D+35 0.5895673D+35
 0.6878888D+00 0.7125466D+35 0.6571656D+35 0.5963395D+35
 0.6921813D+00 0.7207112D+35 0.6647033D+35 0.6031853D+35
 0.6965007D+00 0.7289643D+35 0.6723228D+35 0.6101057D+35
 0.7008470D+00 0.7373069D+35 0.6800251D+35 0.6171013D+35
 0.7052205D+00 0.7457398D+35 0.6878109D+35 0.6241729D+35
 0.7096212D+00 0.7542638D+35 0.6956809D+35 0.6313212D+35
 0.7140494D+00 0.7628799D+35 0.7036362D+35 0.6385469D+35
 0.7185052D+00 0.7715889D+35 0.7116774D+35 0.6458509D+35
 0.7229888D+00 0.7803917D+35 0.7198054D+35 0.6532338D+35
 0.7275004D+00 0.7892893D+35 0.7280211D+35 0.6606965D+35
 0.7320402D+00 0.7982825D+35 0.7363252D+35 0.6682397D+35
 0.7366083D+00 0.8073723D+35 0.7447187D+35 0.6758642D+35
 0.7412049D+00 0.8165596D+35 0.7532024D+35 0.6835708D+35
 0.7458302D+00 0.8258453D+35 0.7617772D+35 0.6913602D+35
 0.7504843D+00 0.8352303D+35 0.7704439D+35 0.6992334D+35
 0.7551675D+00 0.8447157D+35 0.7792035D+35 0.7071910D+35
 0.7598799D+00 0.8543024D+35 0.7880567D+35 0.7152338D+35
 0.7646217D+00 0.8639912D+35 0.7970046D+35 0.7233628D+35
 0.7693931D+00 0.8737833D+35 0.8060479D+35 0.7315787D+35
 0.7741943D+00 0.8836795D+35 0.8151877D+35 0.7398823D+35
 0.7790255D+00 0.8936808D+35 0.8244247D+35 0.7482745D+35
 0.7838868D+00 0.9037883D+35 0.8337600D+35 0.7567561D+35
 0.7887784D+00 0.9140028D+35 0.8431944D+35 0.7653280D+35
 0.7937005D+00 0.9243255D+35 0.8527289D+35 0.7739909D+35
 0.7986534D+00 0.9347573D+35 0.8623644D+35 0.7827459D+35
 0.8036372D+00 0.9452992D+35 0.8721019D+35 0.7915936D+35
 0.8086520D+00 0.9559523D+35 0.8819423D+35 0.8005350D+35
 0.8136982D+00 0.9667175D+35 0.8918865D+35 0.8095710D+35
 0.8187759D+00 0.9775959D+35 0.9019355D+35 0.8187024D+35
 0.8238852D+00 0.9885886D+35 0.9120903D+35 0.8279301D+35
 0.8290264D+00 0.9996966D+35 0.9223519D+35 0.8372550D+35
 0.8341997D+00 0.1010921D+36 0.9327212D+35 0.8466780D+35
 0.8394053D+00 0.1022263D+36 0.9431992D+35 0.8562000D+35
 0.8446434D+00 0.1033723D+36 0.9537869D+35 0.8658219D+35
 0.8499141D+00 0.1045302D+36 0.9644853D+35 0.8755447D+35
 0.8552178D+00 0.1057003D+36 0.9752954D+35 0.8853692D+35
 0.8605545D+00 0.1068825D+36 0.9862182D+35 0.8952963D+35
 0.8659246D+00 0.1080769D+36 0.9972547D+35 0.9053270D+35
 0.8713281D+00 0.1092838D+36 0.1008406D+36 0.9154623D+35
 0.8767654D+00 0.1105031D+36 0.1019673D+36 0.9257030D+35
 0.8822366D+00 0.1117351D+36 0.1031057D+36 0.9360501D+35
 0.8877420D+00 0.1129798D+36 0.1042559D+36 0.9465046D+35
 0.8932817D+00 0.1142373D+36 0.1054179D+36 0.9570674D+35
 0.8988560D+00 0.1155078D+36 0.1065920D+36 0.9677395D+35
 0.9044650D+00 0.1167913D+36 0.1077781D+36 0.9785218D+35
 0.9101091D+00 0.1180880D+36 0.1089765D+36 0.9894154D+35
 0.9157884D+00 0.1193979D+36 0.1101872D+36 0.1000421D+36
 0.9215031D+00 0.1207213D+36 0.1114103D+36 0.1011540D+36
 0.9272535D+00 0.1220582D+36 0.1126459D+36 0.1022773D+36
 0.9330397D+00 0.1234087D+36 0.1138942D+36 0.1034121D+36
 0.9388621D+00 0.1247730D+36 0.1151552D+36 0.1045586D+36
 0.9447208D+00 0.1261511D+36 0.1164290D+36 0.1057168D+36
 0.9506161D+00 0.1275432D+36 0.1177158D+36 0.1068867D+36
 0.9565481D+00 0.1289495D+36 0.1190157D+36 0.1080686D+36
 0.9625172D+00 0.1303699D+36 0.1203288D+36 0.1092625D+36
 0.9685235D+00 0.1318047D+36 0.1216552D+36 0.1104686D+36
 0.9745673D+00 0.1332539D+36 0.1229950D+36 0.1116869D+36
 0.9806488D+00 0.1347178D+36 0.1243483D+36 0.1129175D+36
 0.9867683D+00 0.1361963D+36 0.1257153D+36 0.1141605D+36
 0.9929259D+00 0.1376896D+36 0.1270960D+36 0.1154161D+36
 0.9991220D+00 0.1391979D+36 0.1284905D+36 0.1166843D+36
 0.1005357D+01 0.1407213D+36 0.1298991D+36 0.1179652D+36
 0.1011630D+01 0.1422598D+36 0.1313217D+36 0.1192591D+36
 0.1017943D+01 0.1438137D+36 0.1327586D+36 0.1205658D+36
 0.1024295D+01 0.1453830D+36 0.1342097D+36 0.1218857D+36
 0.1030687D+01 0.1469679D+36 0.1356753D+36 0.1232187D+36
 0.1037119D+01 0.1485684D+36 0.1371555D+36 0.1245650D+36
 0.1043591D+01 0.1501848D+36 0.1386503D+36 0.1259247D+36
 0.1050103D+01 0.1518171D+36 0.1401600D+36 0.1272978D+36
 0.1056656D+01 0.1534655D+36 0.1416845D+36 0.1286846D+36
 0.1063250D+01 0.1551300D+36 0.1432241D+36 0.1300851D+36
 0.1069885D+01 0.1568109D+36 0.1447788D+36 0.1314994D+36
 0.1076561D+01 0.1585082D+36 0.1463488D+36 0.1329277D+36
 0.1083279D+01 0.1602221D+36 0.1479341D+36 0.1343700D+36
 0.1090039D+01 0.1619527D+36 0.1495350D+36 0.1358264D+36
 0.1096841D+01 0.1637001D+36 0.1511515D+36 0.1372971D+36
 0.1103685D+01 0.1654644D+36 0.1527837D+36 0.1387822D+36
 0.1110573D+01 0.1672459D+36 0.1544318D+36 0.1402818D+36
 0.1117503D+01 0.1690445D+36 0.1560959D+36 0.1417959D+36
 0.1124476D+01 0.1708605D+36 0.1577761D+36 0.1433248D+36
 0.1131493D+01 0.1726939D+36 0.1594725D+36 0.1448685D+36
 0.1138554D+01 0.1745450D+36 0.1611853D+36 0.1464271D+36
 0.1145659D+01 0.1764138D+36 0.1629145D+36 0.1480007D+36
 0.1152808D+01 0.1783004D+36 0.1646603D+36 0.1495895D+36
 0.1160002D+01 0.1802050D+36 0.1664229D+36 0.1511936D+36
 0.1167240D+01 0.1821277D+36 0.1682023D+36 0.1528131D+36
 0.1174524D+01 0.1840687D+36 0.1699986D+36 0.1544480D+36
 0.1181854D+01 0.1860280D+36 0.1718120D+36 0.1560986D+36
 0.1189229D+01 0.1880059D+36 0.1736426D+36 0.1577649D+36
 0.1196650D+01 0.1900023D+36 0.1754906D+36 0.1594470D+36
 0.1204117D+01 0.1920176D+36 0.1773560D+36 0.1611450D+36
 0.1211631D+01 0.1940517D+36 0.1792389D+36 0.1628592D+36
 0.1219192D+01 0.1961048D+36 0.1811396D+36 0.1645894D+36
 0.1226800D+01 0.1981772D+36 0.1830580D+36 0.1663360D+36
 0.1234455D+01 0.2002687D+36 0.1849945D+36 0.1680990D+36
 0.1242159D+01 0.2023797D+36 0.1869489D+36 0.1698785D+36
 0.1249910D+01 0.2045103D+36 0.1889216D+36 0.1716746D+36
 0.1257710D+01 0.2066605D+36 0.1909125D+36 0.1734875D+36
 0.1265558D+01 0.2088305D+36 0.1929219D+36 0.1753172D+36
 0.1273455D+01 0.2110204D+36 0.1949498D+36 0.1771639D+36
 0.1281402D+01 0.2132304D+36 0.1969964D+36 0.1790276D+36
 0.1289398D+01 0.2154606D+36 0.1990618D+36 0.1809086D+36
 0.1297444D+01 0.2177111D+36 0.2011461D+36 0.1828068D+36
 0.1305541D+01 0.2199820D+36 0.2032495D+36 0.1847225D+36
 0.1313688D+01 0.2222735D+36 0.2053720D+36 0.1866557D+36
 0.1321885D+01 0.2245857D+36 0.2075138D+36 0.1886066D+36
 0.1330134D+01 0.2269187D+36 0.2096749D+36 0.1905752D+36
 0.1338434D+01 0.2292727D+36 0.2118556D+36 0.1925617D+36
 0.1346787D+01 0.2316477D+36 0.2140559D+36 0.1945661D+36
 0.1355191D+01 0.2340439D+36 0.2162760D+36 0.1965887D+36
 0.1363647D+01 0.2364614D+36 0.2185159D+36 0.1986294D+36
 0.1372157D+01 0.2389004D+36 0.2207759D+36 0.2006884D+36
 0.1380719D+01 0.2413610D+36 0.2230559D+36 0.2027659D+36
 0.1389335D+01 0.2438432D+36 0.2253562D+36 0.2048619D+36
 0.1398005D+01 0.2463473D+36 0.2276768D+36 0.2069765D+36
 0.1406729D+01 0.2488732D+36 0.2300178D+36 0.2091099D+36
 0.1415507D+01 0.2514213D+36 0.2323794D+36 0.2112621D+36
 0.1424340D+01 0.2539914D+36 0.2347617D+36 0.2134333D+36
 0.1433229D+01 0.2565839D+36 0.2371648D+36 0.2156235D+36
 0.1442172D+01 0.2591988D+36 0.2395888D+36 0.2178329D+36
 0.1451172D+01 0.2618362D+36 0.2420339D+36 0.2200616D+36
 0.1460227D+01 0.2644962D+36 0.2445000D+36 0.2223097D+36
 0.1469340D+01 0.2671790D+36 0.2469874D+36 0.2245772D+36
 0.1478509D+01 0.2698847D+36 0.2494962D+36 0.2268644D+36
 0.1487735D+01 0.2726133D+36 0.2520264D+36 0.2291712D+36
 0.1497019D+01 0.2753650D+36 0.2545781D+36 0.2314978D+36
 0.1506360D+01 0.2781399D+36 0.2571516D+36 0.2338443D+36
 0.1515760D+01 0.2809380D+36 0.2597468D+36 0.2362108D+36
 0.1525219D+01 0.2837596D+36 0.2623639D+36 0.2385973D+36
 0.1534737D+01 0.2866047D+36 0.2650029D+36 0.2410041D+36
 0.1544314D+01 0.2894735D+36 0.2676641D+36 0.2434311D+36
 0.1553951D+01 0.2923659D+36 0.2703474D+36 0.2458785D+36
 0.1563648D+01 0.2952822D+36 0.2730530D+36 0.2483464D+36
 0.1573405D+01 0.2982223D+36 0.2757809D+36 0.2508348D+36
 0.1583223D+01 0.3011865D+36 0.2785314D+36 0.2533439D+36
 0.1593103D+01 0.3041748D+36 0.2813044D+36 0.2558737D+36
 0.1603044D+01 0.3071873D+36 0.2841000D+36 0.2584243D+36
 0.1613048D+01 0.3102240D+36 0.2869184D+36 0.2609959D+36
 0.1623114D+01 0.3132852D+36 0.2897597D+36 0.2635884D+36
 0.1633242D+01 0.3163708D+36 0.2926238D+36 0.2662020D+36
 0.1643434D+01 0.3194810D+36 0.2955110D+36 0.2688368D+36
 0.1653689D+01 0.3226158D+36 0.2984212D+36 0.2714929D+36
 0.1664009D+01 0.3257754D+36 0.3013546D+36 0.2741703D+36
 0.1674392D+01 0.3289597D+36 0.3043113D+36 0.2768690D+36
 0.1684841D+01 0.3321689D+36 0.3072913D+36 0.2795893D+36
 0.1695355D+01 0.3354031D+36 0.3102947D+36 0.2823311D+36
 0.1705934D+01 0.3386623D+36 0.3133216D+36 0.2850945D+36
 0.1716580D+01 0.3419465D+36 0.3163720D+36 0.2878796D+36
 0.1727291D+01 0.3452560D+36 0.3194460D+36 0.2906865D+36
 0.1738070D+01 0.3485906D+36 0.3225437D+36 0.2935152D+36
 0.1748916D+01 0.3519506D+36 0.3256652D+36 0.2963659D+36
 0.1759830D+01 0.3553358D+36 0.3288105D+36 0.2992384D+36
 0.1770811D+01 0.3587465D+36 0.3319796D+36 0.3021330D+36
 0.1781862D+01 0.3621826D+36 0.3351726D+36 0.3050497D+36
 0.1792981D+01 0.3656443D+36 0.3383897D+36 0.3079884D+36
 0.1804169D+01 0.3691314D+36 0.3416307D+36 0.3109494D+36
 0.1815428D+01 0.3726442D+36 0.3448958D+36 0.3139326D+36
 0.1826757D+01 0.3761826D+36 0.3481851D+36 0.3169381D+36
 0.1838156D+01 0.3797466D+36 0.3514985D+36 0.3199659D+36
 0.1849626D+01 0.3833364D+36 0.3548361D+36 0.3230160D+36
 0.1861168D+01 0.3869519D+36 0.3581979D+36 0.3260886D+36
 0.1872783D+01 0.3905931D+36 0.3615841D+36 0.3291836D+36
 0.1884469D+01 0.3942601D+36 0.3649945D+36 0.3323011D+36
 0.1896229D+01 0.3979529D+36 0.3684292D+36 0.3354411D+36
 0.1908062D+01 0.4016715D+36 0.3718883D+36 0.3386036D+36
 0.1919968D+01 0.4054160D+36 0.3753718D+36 0.3417887D+36
 0.1931949D+01 0.4091863D+36 0.3788796D+36 0.3449964D+36
 0.1944005D+01 0.4129824D+36 0.3824118D+36 0.3482267D+36
 0.1956136D+01 0.4168043D+36 0.3859685D+36 0.3514796D+36
 0.1968343D+01 0.4206521D+36 0.3895495D+36 0.3547551D+36
 0.1980626D+01 0.4245257D+36 0.3931550D+36 0.3580533D+36
 0.1992985D+01 0.4284251D+36 0.3967848D+36 0.3613742D+36
 0.2005422D+01 0.4323502D+36 0.4004391D+36 0.3647176D+36
 0.2017936D+01 0.4363011D+36 0.4041177D+36 0.3680837D+36
 0.2030529D+01 0.4402778D+36 0.4078207D+36 0.3714725D+36
 0.2043199D+01 0.4442802D+36 0.4115481D+36 0.3748839D+36
 0.2055949D+01 0.4483082D+36 0.4152998D+36 0.3783179D+36
 0.2068779D+01 0.4523618D+36 0.4190758D+36 0.3817745D+36
 0.2081689D+01 0.4564410D+36 0.4228761D+36 0.3852537D+36
 0.2094679D+01 0.4605457D+36 0.4267005D+36 0.3887554D+36
 0.2107750D+01 0.4646759D+36 0.4305492D+36 0.3922797D+36
 0.2120903D+01 0.4688314D+36 0.4344220D+36 0.3958264D+36
 0.2134138D+01 0.4730123D+36 0.4383189D+36 0.3993957D+36
 0.2147455D+01 0.4772184D+36 0.4422398D+36 0.4029873D+36
 0.2160856D+01 0.4814497D+36 0.4461846D+36 0.4066013D+36
 0.2174340D+01 0.4857060D+36 0.4501534D+36 0.4102375D+36
 0.2187908D+01 0.4899874D+36 0.4541459D+36 0.4138961D+36
 0.2201562D+01 0.4942936D+36 0.4581622D+36 0.4175768D+36
 0.2215300D+01 0.4986246D+36 0.4622022D+36 0.4212797D+36
 0.2229124D+01 0.5029802D+36 0.4662657D+36 0.4250046D+36
 0.2243034D+01 0.5073604D+36 0.4703527D+36 0.4287515D+36
 0.2257031D+01 0.5117651D+36 0.4744630D+36 0.4325203D+36
 0.2271115D+01 0.5161940D+36 0.4785967D+36 0.4363109D+36
 0.2285288D+01 0.5206470D+36 0.4827534D+36 0.4401232D+36
 0.2299548D+01 0.5251241D+36 0.4869332D+36 0.4439571D+36
 0.2313898D+01 0.5296250D+36 0.4911358D+36 0.4478126D+36
 0.2328337D+01 0.5341496D+36 0.4953612D+36 0.4516895D+36
 0.2342866D+01 0.5386978D+36 0.4996093D+36 0.4555876D+36
 0.2357486D+01 0.5432692D+36 0.5038798D+36 0.4595070D+36
 0.2372198D+01 0.5478639D+36 0.5081726D+36 0.4634473D+36
 0.2387001D+01 0.5524815D+36 0.5124876D+36 0.4674086D+36
 0.2401896D+01 0.5571220D+36 0.5168246D+36 0.4713907D+36
 0.2416885D+01 0.5617850D+36 0.5211834D+36 0.4753934D+36
 0.2431966D+01 0.5664704D+36 0.5255639D+36 0.4794166D+36
 0.2447142D+01 0.5711779D+36 0.5299658D+36 0.4834601D+36
 0.2462413D+01 0.5759073D+36 0.5343889D+36 0.4875238D+36
 0.2477779D+01 0.5806585D+36 0.5388332D+36 0.4916075D+36
 0.2493241D+01 0.5854310D+36 0.5432982D+36 0.4957109D+36
 0.2508799D+01 0.5902248D+36 0.5477839D+36 0.4998340D+36
 0.2524455D+01 0.5950395D+36 0.5522900D+36 0.5039766D+36
 0.2540208D+01 0.5998748D+36 0.5568163D+36 0.5081384D+36
 0.2556059D+01 0.6047305D+36 0.5613625D+36 0.5123192D+36
 0.2572010D+01 0.6096063D+36 0.5659284D+36 0.5165189D+36
 0.2588060D+01 0.6145019D+36 0.5705137D+36 0.5207371D+36
 0.2604210D+01 0.6194169D+36 0.5751181D+36 0.5249738D+36
 0.2620461D+01 0.6243512D+36 0.5797414D+36 0.5292286D+36
 0.2636813D+01 0.6293042D+36 0.5843834D+36 0.5335013D+36
 0.2653267D+01 0.6342758D+36 0.5890436D+36 0.5377916D+36
 0.2669824D+01 0.6392655D+36 0.5937219D+36 0.5420994D+36
 0.2686484D+01 0.6442731D+36 0.5984178D+36 0.5464243D+36
 0.2703249D+01 0.6492980D+36 0.6031311D+36 0.5507660D+36
 0.2720117D+01 0.6543401D+36 0.6078615D+36 0.5551244D+36
 0.2737092D+01 0.6593988D+36 0.6126086D+36 0.5594990D+36
 0.2754172D+01 0.6644738D+36 0.6173721D+36 0.5638897D+36
 0.2771358D+01 0.6695647D+36 0.6221515D+36 0.5682960D+36
 0.2788652D+01 0.6746711D+36 0.6269467D+36 0.5727177D+36
 0.2806054D+01 0.6797925D+36 0.6317571D+36 0.5771545D+36
 0.2823564D+01 0.6849285D+36 0.6365824D+36 0.5816060D+36
 0.2841184D+01 0.6900787D+36 0.6414222D+36 0.5860719D+36
 0.2858914D+01 0.6952425D+36 0.6462762D+36 0.5905518D+36
 0.2876754D+01 0.7004196D+36 0.6511438D+36 0.5950454D+36
 0.2894705D+01 0.7056095D+36 0.6560247D+36 0.5995524D+36
 0.2912769D+01 0.7108116D+36 0.6609184D+36 0.6040723D+36
 0.2930945D+01 0.7160255D+36 0.6658245D+36 0.6086047D+36
 0.2949235D+01 0.7212507D+36 0.6707425D+36 0.6131493D+36
 0.2967639D+01 0.7264865D+36 0.6756720D+36 0.6177057D+36
 0.2986158D+01 0.7317326D+36 0.6806126D+36 0.6222735D+36
 0.3004792D+01 0.7369882D+36 0.6855636D+36 0.6268522D+36
 0.3023543D+01 0.7422530D+36 0.6905247D+36 0.6314414D+36
 0.3042410D+01 0.7475263D+36 0.6954953D+36 0.6360406D+36
 0.3061395D+01 0.7528075D+36 0.7004748D+36 0.6406495D+36
 0.3080499D+01 0.7580960D+36 0.7054629D+36 0.6452675D+36
 0.3099722D+01 0.7633913D+36 0.7104589D+36 0.6498942D+36
 0.3119065D+01 0.7686927D+36 0.7154623D+36 0.6545292D+36
 0.3138529D+01 0.7739995D+36 0.7204725D+36 0.6591718D+36
 0.3158114D+01 0.7793112D+36 0.7254889D+36 0.6638217D+36
 0.3177821D+01 0.7846271D+36 0.7305111D+36 0.6684783D+36
 0.3197651D+01 0.7899464D+36 0.7355383D+36 0.6731411D+36
 0.3217605D+01 0.7952686D+36 0.7405699D+36 0.6778096D+36
 0.3237684D+01 0.8005930D+36 0.7456055D+36 0.6824832D+36
 0.3257888D+01 0.8059187D+36 0.7506443D+36 0.6871614D+36
 0.3278218D+01 0.8112452D+36 0.7556856D+36 0.6918436D+36
 0.3298675D+01 0.8165717D+36 0.7607289D+36 0.6965293D+36
 0.3319259D+01 0.8218974D+36 0.7657735D+36 0.7012178D+36
 0.3339972D+01 0.8272216D+36 0.7708187D+36 0.7059086D+36
 0.3360814D+01 0.8325436D+36 0.7758637D+36 0.7106011D+36
 0.3381786D+01 0.8378624D+36 0.7809081D+36 0.7152947D+36
 0.3402889D+01 0.8431775D+36 0.7859509D+36 0.7199887D+36
 0.3424124D+01 0.8484878D+36 0.7909915D+36 0.7246825D+36
 0.3445492D+01 0.8537927D+36 0.7960292D+36 0.7293755D+36
 0.3466992D+01 0.8590913D+36 0.8010632D+36 0.7340671D+36
 0.3488627D+01 0.8643828D+36 0.8060927D+36 0.7387565D+36
 0.3510397D+01 0.8696662D+36 0.8111171D+36 0.7434431D+36
 0.3532302D+01 0.8749408D+36 0.8161354D+36 0.7481261D+36
 0.3554345D+01 0.8802056D+36 0.8211470D+36 0.7528050D+36
 0.3576525D+01 0.8854598D+36 0.8261510D+36 0.7574790D+36
 0.3598843D+01 0.8907024D+36 0.8311467D+36 0.7621473D+36
 0.3621300D+01 0.8959326D+36 0.8361331D+36 0.7668094D+36
 0.3643898D+01 0.9011493D+36 0.8411094D+36 0.7714643D+36
 0.3666637D+01 0.9063517D+36 0.8460749D+36 0.7761114D+36
 0.3689517D+01 0.9115388D+36 0.8510286D+36 0.7807499D+36
 0.3712541D+01 0.9167097D+36 0.8559696D+36 0.7853790D+36
 0.3735708D+01 0.9218632D+36 0.8608971D+36 0.7899980D+36
 0.3759020D+01 0.9269986D+36 0.8658103D+36 0.7946061D+36
 0.3782477D+01 0.9321146D+36 0.8707081D+36 0.7992025D+36
 0.3806080D+01 0.9372105D+36 0.8755896D+36 0.8037863D+36
 0.3829831D+01 0.9422850D+36 0.8804541D+36 0.8083567D+36
 0.3853730D+01 0.9473372D+36 0.8853004D+36 0.8129130D+36
 0.3877778D+01 0.9523660D+36 0.8901276D+36 0.8174542D+36
 0.3901976D+01 0.9573703D+36 0.8949349D+36 0.8219795D+36
 0.3926325D+01 0.9623491D+36 0.8997211D+36 0.8264881D+36
 0.3950827D+01 0.9673014D+36 0.9044854D+36 0.8309791D+36
 0.3975481D+01 0.9722259D+36 0.9092268D+36 0.8354516D+36
 0.4000288D+01 0.9771215D+36 0.9139442D+36 0.8399047D+36
 0.4025251D+01 0.9819873D+36 0.9186366D+36 0.8443375D+36
 0.4050370D+01 0.9868220D+36 0.9233030D+36 0.8487492D+36
 0.4075645D+01 0.9916245D+36 0.9279424D+36 0.8531387D+36
 0.4101078D+01 0.9963936D+36 0.9325537D+36 0.8575052D+36
 0.4126669D+01 0.1001128D+37 0.9371359D+36 0.8618477D+36
 0.4152421D+01 0.1005827D+37 0.9416879D+36 0.8661653D+36
 0.4178333D+01 0.1010489D+37 0.9462086D+36 0.8704570D+36
 0.4204406D+01 0.1015113D+37 0.9506970D+36 0.8747219D+36
 0.4230643D+01 0.1019698D+37 0.9551520D+36 0.8789590D+36
 0.4257043D+01 0.1024242D+37 0.9595724D+36 0.8831673D+36
 0.4283608D+01 0.1028745D+37 0.9639572D+36 0.8873459D+36
 0.4310338D+01 0.1033205D+37 0.9683053D+36 0.8914937D+36
 0.4337236D+01 0.1037620D+37 0.9726155D+36 0.8956097D+36
 0.4364301D+01 0.1041991D+37 0.9768867D+36 0.8996930D+36
 0.4391535D+01 0.1046314D+37 0.9811177D+36 0.9037424D+36
 0.4418939D+01 0.1050590D+37 0.9853075D+36 0.9077571D+36
 0.4446515D+01 0.1054817D+37 0.9894549D+36 0.9117359D+36
 0.4474262D+01 0.1058993D+37 0.9935586D+36 0.9156778D+36
 0.4502182D+01 0.1063118D+37 0.9976176D+36 0.9195818D+36
 0.4530277D+01 0.1067189D+37 0.1001631D+37 0.9234469D+36
 0.4558547D+01 0.1071207D+37 0.1005597D+37 0.9272719D+36
 0.4586993D+01 0.1075169D+37 0.1009514D+37 0.9310558D+36
 0.4615617D+01 0.1079074D+37 0.1013383D+37 0.9347976D+36
 0.4644419D+01 0.1082921D+37 0.1017200D+37 0.9384961D+36
 0.4673402D+01 0.1086709D+37 0.1020966D+37 0.9421504D+36
 0.4702565D+01 0.1090436D+37 0.1024678D+37 0.9457593D+36
 0.4731910D+01 0.1094101D+37 0.1028337D+37 0.9493217D+36
 0.4761438D+01 0.1097702D+37 0.1031940D+37 0.9528366D+36
 0.4791150D+01 0.1101239D+37 0.1035486D+37 0.9563029D+36
 0.4821048D+01 0.1104711D+37 0.1038975D+37 0.9597195D+36
 0.4851132D+01 0.1108115D+37 0.1042404D+37 0.9630852D+36
 0.4881405D+01 0.1111450D+37 0.1045773D+37 0.9663990D+36
 0.4911866D+01 0.1114715D+37 0.1049080D+37 0.9696598D+36
 0.4942517D+01 0.1117910D+37 0.1052325D+37 0.9728665D+36
 0.4973359D+01 0.1121032D+37 0.1055506D+37 0.9760180D+36
 0.5004394D+01 0.1124080D+37 0.1058622D+37 0.9791131D+36
 0.5035622D+01 0.1127053D+37 0.1061671D+37 0.9821508D+36
 0.5067046D+01 0.1129949D+37 0.1064652D+37 0.9851301D+36
 0.5098665D+01 0.1132768D+37 0.1067565D+37 0.9880496D+36
 0.5130482D+01 0.1135508D+37 0.1070408D+37 0.9909085D+36
 0.5162497D+01 0.1138168D+37 0.1073180D+37 0.9937055D+36
 0.5194712D+01 0.1140746D+37 0.1075879D+37 0.9964397D+36
 0.5227129D+01 0.1143241D+37 0.1078505D+37 0.9991098D+36
 0.5259747D+01 0.1145652D+37 0.1081056D+37 0.1001715D+37
 0.5292569D+01 0.1147978D+37 0.1083530D+37 0.1004254D+37
 0.5325596D+01 0.1150217D+37 0.1085928D+37 0.1006725D+37
 0.5358829D+01 0.1152368D+37 0.1088247D+37 0.1009128D+37
 0.5392269D+01 0.1154430D+37 0.1090487D+37 0.1011462D+37
 0.5425918D+01 0.1156401D+37 0.1092646D+37 0.1013725D+37
 0.5459777D+01 0.1158282D+37 0.1094723D+37 0.1015917D+37
 0.5493847D+01 0.1160069D+37 0.1096718D+37 0.1018036D+37
 0.5528130D+01 0.1161762D+37 0.1098628D+37 0.1020081D+37
 0.5562627D+01 0.1163360D+37 0.1100453D+37 0.1022052D+37
 0.5597339D+01 0.1164862D+37 0.1102191D+37 0.1023947D+37
 0.5632267D+01 0.1166267D+37 0.1103842D+37 0.1025765D+37
 0.5667414D+01 0.1167573D+37 0.1105405D+37 0.1027505D+37
 0.5702780D+01 0.1168779D+37 0.1106878D+37 0.1029167D+37
 0.5738366D+01 0.1169884D+37 0.1108260D+37 0.1030748D+37
 0.5774175D+01 0.1170887D+37 0.1109550D+37 0.1032249D+37
 0.5810207D+01 0.1171787D+37 0.1110748D+37 0.1033668D+37
 0.5846464D+01 0.1172583D+37 0.1111852D+37 0.1035004D+37
 0.5882947D+01 0.1173275D+37 0.1112860D+37 0.1036257D+37
 0.5919658D+01 0.1173860D+37 0.1113774D+37 0.1037425D+37
 0.5956598D+01 0.1174337D+37 0.1114590D+37 0.1038508D+37
 0.5993768D+01 0.1174707D+37 0.1115309D+37 0.1039504D+37
 0.6031171D+01 0.1174968D+37 0.1115929D+37 0.1040412D+37
 0.6068807D+01 0.1175119D+37 0.1116449D+37 0.1041233D+37
 0.6106677D+01 0.1175159D+37 0.1116869D+37 0.1041964D+37
 0.6144784D+01 0.1175087D+37 0.1117187D+37 0.1042605D+37
 0.6183129D+01 0.1174903D+37 0.1117403D+37 0.1043156D+37
 0.6221713D+01 0.1174605D+37 0.1117517D+37 0.1043615D+37
 0.6260538D+01 0.1174194D+37 0.1117526D+37 0.1043982D+37
 0.6299605D+01 0.1173667D+37 0.1117431D+37 0.1044255D+37
 0.6338916D+01 0.1173024D+37 0.1117230D+37 0.1044435D+37
 0.6378472D+01 0.1172266D+37 0.1116923D+37 0.1044520D+37
 0.6418275D+01 0.1171390D+37 0.1116509D+37 0.1044509D+37
 0.6458327D+01 0.1170396D+37 0.1115988D+37 0.1044403D+37
 0.6498628D+01 0.1169284D+37 0.1115358D+37 0.1044200D+37
 0.6539181D+01 0.1168054D+37 0.1114620D+37 0.1043899D+37
 0.6579987D+01 0.1166704D+37 0.1113772D+37 0.1043501D+37
 0.6621048D+01 0.1165233D+37 0.1112815D+37 0.1043004D+37
 0.6662364D+01 0.1163643D+37 0.1111746D+37 0.1042408D+37
 0.6703939D+01 0.1161932D+37 0.1110567D+37 0.1041712D+37
 0.6745773D+01 0.1160099D+37 0.1109276D+37 0.1040916D+37
 0.6787868D+01 0.1158145D+37 0.1107873D+37 0.1040019D+37
 0.6830226D+01 0.1156068D+37 0.1106358D+37 0.1039021D+37
 0.6872848D+01 0.1153870D+37 0.1104730D+37 0.1037922D+37
 0.6915736D+01 0.1151549D+37 0.1102989D+37 0.1036720D+37
 0.6958892D+01 0.1149106D+37 0.1101135D+37 0.1035417D+37
 0.7002317D+01 0.1146539D+37 0.1099166D+37 0.1034010D+37
 0.7046013D+01 0.1143850D+37 0.1097084D+37 0.1032500D+37
 0.7089981D+01 0.1141037D+37 0.1094888D+37 0.1030887D+37
 0.7134224D+01 0.1138102D+37 0.1092578D+37 0.1029171D+37
 0.7178744D+01 0.1135043D+37 0.1090153D+37 0.1027350D+37
 0.7223541D+01 0.1131861D+37 0.1087613D+37 0.1025426D+37
 0.7268617D+01 0.1128557D+37 0.1084959D+37 0.1023397D+37
 0.7313975D+01 0.1125129D+37 0.1082190D+37 0.1021264D+37
 0.7359616D+01 0.1121579D+37 0.1079307D+37 0.1019027D+37
 0.7405541D+01 0.1117907D+37 0.1076309D+37 0.1016685D+37
 0.7451753D+01 0.1114112D+37 0.1073197D+37 0.1014239D+37
 0.7498254D+01 0.1110196D+37 0.1069971D+37 0.1011688D+37
 0.7545045D+01 0.1106158D+37 0.1066631D+37 0.1009033D+37
 0.7592127D+01 0.1101999D+37 0.1063177D+37 0.1006274D+37
 0.7639504D+01 0.1097720D+37 0.1059609D+37 0.1003410D+37
 0.7687176D+01 0.1093320D+37 0.1055928D+37 0.1000442D+37
 0.7735146D+01 0.1088802D+37 0.1052134D+37 0.9973701D+36
 0.7783415D+01 0.1084164D+37 0.1048228D+37 0.9941946D+36
 0.7831985D+01 0.1079408D+37 0.1044210D+37 0.9909158D+36
 0.7880858D+01 0.1074535D+37 0.1040080D+37 0.9875339D+36
 0.7930037D+01 0.1069545D+37 0.1035840D+37 0.9840492D+36
 0.7979522D+01 0.1064439D+37 0.1031489D+37 0.9804621D+36
 0.8029316D+01 0.1059218D+37 0.1027028D+37 0.9767731D+36
 0.8079420D+01 0.1053883D+37 0.1022458D+37 0.9729826D+36
 0.8129838D+01 0.1048434D+37 0.1017780D+37 0.9690912D+36
 0.8180570D+01 0.1042874D+37 0.1012994D+37 0.9650992D+36
 0.8231618D+01 0.1037202D+37 0.1008101D+37 0.9610074D+36
 0.8282985D+01 0.1031421D+37 0.1003103D+37 0.9568163D+36
 0.8334673D+01 0.1025531D+37 0.9979990D+36 0.9525266D+36
 0.8386683D+01 0.1019533D+37 0.9927912D+36 0.9481390D+36
 0.8439018D+01 0.1013428D+37 0.9874803D+36 0.9436542D+36
 0.8491679D+01 0.1007219D+37 0.9820674D+36 0.9390730D+36
 0.8544669D+01 0.1000906D+37 0.9765534D+36 0.9343962D+36
 0.8597990D+01 0.9944911D+36 0.9709396D+36 0.9296247D+36
 0.8651643D+01 0.9879751D+36 0.9652270D+36 0.9247594D+36
 0.8705631D+01 0.9813598D+36 0.9594169D+36 0.9198011D+36
 0.8759956D+01 0.9746468D+36 0.9535106D+36 0.9147509D+36
 0.8814620D+01 0.9678376D+36 0.9475093D+36 0.9096098D+36
 0.8869625D+01 0.9609339D+36 0.9414144D+36 0.9043788D+36
 0.8924974D+01 0.9539375D+36 0.9352273D+36 0.8990591D+36
 0.8980668D+01 0.9468499D+36 0.9289493D+36 0.8936517D+36
 0.9036709D+01 0.9396731D+36 0.9225821D+36 0.8881578D+36
 0.9093100D+01 0.9324089D+36 0.9161270D+36 0.8825787D+36
 0.9149843D+01 0.9250590D+36 0.9095857D+36 0.8769155D+36
 0.9206940D+01 0.9176255D+36 0.9029597D+36 0.8711696D+36
 0.9264393D+01 0.9101103D+36 0.8962507D+36 0.8653422D+36
 0.9322205D+01 0.9025154D+36 0.8894603D+36 0.8594348D+36
 0.9380378D+01 0.8948428D+36 0.8825903D+36 0.8534486D+36
 0.9438913D+01 0.8870946D+36 0.8756424D+36 0.8473853D+36
 0.9497814D+01 0.8792730D+36 0.8686184D+36 0.8412461D+36
 0.9557083D+01 0.8713800D+36 0.8615202D+36 0.8350326D+36
 0.9616721D+01 0.8634179D+36 0.8543495D+36 0.8287464D+36
 0.9676731D+01 0.8553889D+36 0.8471083D+36 0.8223889D+36
 0.9737116D+01 0.8472952D+36 0.8397986D+36 0.8159618D+36
 0.9797878D+01 0.8391392D+36 0.8324222D+36 0.8094668D+36
 0.9859019D+01 0.8309231D+36 0.8249812D+36 0.8029054D+36
 0.9920541D+01 0.8226494D+36 0.8174777D+36 0.7962794D+36
 0.9982448D+01 0.8143204D+36 0.8099136D+36 0.7895905D+36
 0.1004474D+02 0.8059385D+36 0.8022911D+36 0.7828404D+36
 0.1010742D+02 0.7975062D+36 0.7946123D+36 0.7760310D+36
 0.1017049D+02 0.7890259D+36 0.7868793D+36 0.7691639D+36
 0.1023396D+02 0.7805001D+36 0.7790943D+36 0.7622411D+36
 0.1029782D+02 0.7719313D+36 0.7712596D+36 0.7552645D+36
 0.1036208D+02 0.7633221D+36 0.7633772D+36 0.7482358D+36
 0.1042674D+02 0.7546749D+36 0.7554495D+36 0.7411570D+36
 0.1049181D+02 0.7459925D+36 0.7474788D+36 0.7340301D+36
 0.1055728D+02 0.7372773D+36 0.7394673D+36 0.7268569D+36
 0.1062316D+02 0.7285320D+36 0.7314173D+36 0.7196395D+36
 0.1068945D+02 0.7197591D+36 0.7233311D+36 0.7123799D+36
 0.1075616D+02 0.7109614D+36 0.7152112D+36 0.7050800D+36
 0.1082328D+02 0.7021414D+36 0.7070597D+36 0.6977419D+36
 0.1089082D+02 0.6933017D+36 0.6988792D+36 0.6903677D+36
 0.1095878D+02 0.6844451D+36 0.6906719D+36 0.6829593D+36
 0.1102716D+02 0.6755742D+36 0.6824404D+36 0.6755189D+36
 0.1109597D+02 0.6666916D+36 0.6741868D+36 0.6680486D+36
 0.1116522D+02 0.6578000D+36 0.6659138D+36 0.6605505D+36
 0.1123489D+02 0.6489021D+36 0.6576236D+36 0.6530266D+36
 0.1130500D+02 0.6400005D+36 0.6493188D+36 0.6454791D+36
 0.1137554D+02 0.6310979D+36 0.6410016D+36 0.6379101D+36
 0.1144653D+02 0.6221968D+36 0.6326746D+36 0.6303218D+36
 0.1151796D+02 0.6133001D+36 0.6243402D+36 0.6227163D+36
 0.1158983D+02 0.6044102D+36 0.6160007D+36 0.6150958D+36
 0.1166216D+02 0.5955298D+36 0.6076587D+36 0.6074623D+36
 0.1173493D+02 0.5866615D+36 0.5993164D+36 0.5998181D+36
 0.1180816D+02 0.5778080D+36 0.5909764D+36 0.5921653D+36
 0.1188184D+02 0.5689717D+36 0.5826409D+36 0.5845060D+36
 0.1195599D+02 0.5601553D+36 0.5743125D+36 0.5768425D+36
 0.1203060D+02 0.5513613D+36 0.5659935D+36 0.5691768D+36
 0.1210567D+02 0.5425922D+36 0.5576862D+36 0.5615111D+36
 0.1218121D+02 0.5338504D+36 0.5493930D+36 0.5538475D+36
 0.1225723D+02 0.5251386D+36 0.5411163D+36 0.5461881D+36
 0.1233371D+02 0.5164590D+36 0.5328583D+36 0.5385352D+36
 0.1241068D+02 0.5078142D+36 0.5246214D+36 0.5308907D+36
 0.1248812D+02 0.4992065D+36 0.5164078D+36 0.5232568D+36
 0.1256605D+02 0.4906383D+36 0.5082198D+36 0.5156356D+36
 0.1264447D+02 0.4821118D+36 0.5000597D+36 0.5080291D+36
 0.1272337D+02 0.4736295D+36 0.4919296D+36 0.5004394D+36
 0.1280277D+02 0.4651934D+36 0.4838318D+36 0.4928686D+36
 0.1288266D+02 0.4568059D+36 0.4757684D+36 0.4853186D+36
 0.1296305D+02 0.4484692D+36 0.4677415D+36 0.4777915D+36
 0.1304394D+02 0.4401852D+36 0.4597532D+36 0.4702892D+36
 0.1312534D+02 0.4319563D+36 0.4518057D+36 0.4628137D+36
 0.1320725D+02 0.4237843D+36 0.4439009D+36 0.4553670D+36
 0.1328966D+02 0.4156713D+36 0.4360409D+36 0.4479510D+36
 0.1337259D+02 0.4076193D+36 0.4282276D+36 0.4405675D+36
 0.1345604D+02 0.3996301D+36 0.4204630D+36 0.4332185D+36
 0.1354001D+02 0.3917057D+36 0.4127489D+36 0.4259057D+36
 0.1362450D+02 0.3838478D+36 0.4050872D+36 0.4186310D+36
 0.1370952D+02 0.3760583D+36 0.3974797D+36 0.4113961D+36
 0.1379507D+02 0.3683387D+36 0.3899283D+36 0.4042028D+36
 0.1388116D+02 0.3606909D+36 0.3824346D+36 0.3970529D+36
 0.1396778D+02 0.3531164D+36 0.3750003D+36 0.3899479D+36
 0.1405494D+02 0.3456167D+36 0.3676271D+36 0.3828896D+36
 0.1414265D+02 0.3381933D+36 0.3603166D+36 0.3758796D+36
 0.1423090D+02 0.3308477D+36 0.3530703D+36 0.3689194D+36
 0.1431970D+02 0.3235814D+36 0.3458897D+36 0.3620106D+36
 0.1440906D+02 0.3163955D+36 0.3387764D+36 0.3551547D+36
 0.1449898D+02 0.3092914D+36 0.3317316D+36 0.3483532D+36
 0.1458945D+02 0.3022703D+36 0.3247569D+36 0.3416075D+36
 0.1468049D+02 0.2953333D+36 0.3178534D+36 0.3349189D+36
 0.1477210D+02 0.2884816D+36 0.3110225D+36 0.3282890D+36
 0.1486429D+02 0.2817161D+36 0.3042654D+36 0.3217188D+36
 0.1495704D+02 0.2750379D+36 0.2975833D+36 0.3152098D+36
 0.1505038D+02 0.2684479D+36 0.2909771D+36 0.3087632D+36
 0.1514429D+02 0.2619469D+36 0.2844481D+36 0.3023800D+36
 0.1523880D+02 0.2555357D+36 0.2779972D+36 0.2960616D+36
 0.1533389D+02 0.2492151D+36 0.2716254D+36 0.2898089D+36
 0.1542958D+02 0.2429858D+36 0.2653335D+36 0.2836230D+36
 0.1552586D+02 0.2368482D+36 0.2591225D+36 0.2775049D+36
 0.1562275D+02 0.2308031D+36 0.2529930D+36 0.2714557D+36
 0.1572024D+02 0.2248509D+36 0.2469459D+36 0.2654761D+36
 0.1581833D+02 0.2189921D+36 0.2409819D+36 0.2595671D+36
 0.1591704D+02 0.2132269D+36 0.2351015D+36 0.2537295D+36
 0.1601637D+02 0.2075558D+36 0.2293054D+36 0.2479640D+36
 0.1611632D+02 0.2019790D+36 0.2235940D+36 0.2422715D+36
 0.1621688D+02 0.1964966D+36 0.2179679D+36 0.2366526D+36
 0.1631808D+02 0.1911090D+36 0.2124275D+36 0.2311079D+36
 0.1641991D+02 0.1858160D+36 0.2069731D+36 0.2256380D+36
 0.1652237D+02 0.1806178D+36 0.2016051D+36 0.2202435D+36
 0.1662548D+02 0.1755144D+36 0.1963236D+36 0.2149249D+36
 0.1672922D+02 0.1705056D+36 0.1911290D+36 0.2096826D+36
 0.1683362D+02 0.1655913D+36 0.1860214D+36 0.2045171D+36
 0.1693866D+02 0.1607714D+36 0.1810009D+36 0.1994286D+36
 0.1704436D+02 0.1560456D+36 0.1760676D+36 0.1944176D+36
 0.1715072D+02 0.1514136D+36 0.1712214D+36 0.1894843D+36
 0.1725775D+02 0.1468751D+36 0.1664623D+36 0.1846290D+36
 0.1736544D+02 0.1424296D+36 0.1617903D+36 0.1798517D+36
 0.1747381D+02 0.1380768D+36 0.1572052D+36 0.1751527D+36
 0.1758285D+02 0.1338162D+36 0.1527068D+36 0.1705320D+36
 0.1769257D+02 0.1296473D+36 0.1482949D+36 0.1659897D+36
 0.1780297D+02 0.1255694D+36 0.1439692D+36 0.1615259D+36
 0.1791407D+02 0.1215820D+36 0.1397295D+36 0.1571404D+36
 0.1802585D+02 0.1176843D+36 0.1355753D+36 0.1528332D+36
 0.1813834D+02 0.1138758D+36 0.1315062D+36 0.1486042D+36
 0.1825153D+02 0.1101556D+36 0.1275218D+36 0.1444532D+36
 0.1836542D+02 0.1065230D+36 0.1236217D+36 0.1403801D+36
 0.1848002D+02 0.1029772D+36 0.1198053D+36 0.1363846D+36
 0.1859534D+02 0.9951729D+35 0.1160720D+36 0.1324664D+36
 0.1871138D+02 0.9614242D+35 0.1124212D+36 0.1286252D+36
 0.1882815D+02 0.9285167D+35 0.1088523D+36 0.1248607D+36
 0.1894564D+02 0.8964410D+35 0.1053647D+36 0.1211725D+36
 0.1906386D+02 0.8651873D+35 0.1019576D+36 0.1175602D+36
 0.1918283D+02 0.8347455D+35 0.9863032D+35 0.1140234D+36
 0.1930253D+02 0.8051053D+35 0.9538206D+35 0.1105614D+36
 0.1942298D+02 0.7762562D+35 0.9221204D+35 0.1071739D+36
 0.1954419D+02 0.7481873D+35 0.8911943D+35 0.1038603D+36
 0.1966615D+02 0.7208875D+35 0.8610337D+35 0.1006200D+36
 0.1978887D+02 0.6943458D+35 0.8316300D+35 0.9745245D+35
 0.1991235D+02 0.6685505D+35 0.8029740D+35 0.9435692D+35
 0.2003661D+02 0.6434902D+35 0.7750565D+35 0.9133280D+35
 0.2016164D+02 0.6191529D+35 0.7478679D+35 0.8837940D+35
 0.2028746D+02 0.5955268D+35 0.7213986D+35 0.8549601D+35
 0.2041406D+02 0.5725997D+35 0.6956387D+35 0.8268188D+35
 0.2054144D+02 0.5503596D+35 0.6705779D+35 0.7993625D+35
 0.2066963D+02 0.5287939D+35 0.6462061D+35 0.7725835D+35
 0.2079861D+02 0.5078904D+35 0.6225128D+35 0.7464737D+35
 0.2092840D+02 0.4876366D+35 0.5994874D+35 0.7210248D+35
 0.2105899D+02 0.4680198D+35 0.5771191D+35 0.6962285D+35
 0.2119041D+02 0.4490276D+35 0.5553971D+35 0.6720760D+35
 0.2132264D+02 0.4306471D+35 0.5343105D+35 0.6485587D+35
 0.2145570D+02 0.4128658D+35 0.5138482D+35 0.6256676D+35
 0.2158959D+02 0.3956708D+35 0.4939990D+35 0.6033936D+35
 0.2172431D+02 0.3790496D+35 0.4747516D+35 0.5817275D+35
 0.2185987D+02 0.3629894D+35 0.4560948D+35 0.5606599D+35
 0.2199629D+02 0.3474774D+35 0.4380173D+35 0.5401814D+35
 0.2213355D+02 0.3325012D+35 0.4205075D+35 0.5202824D+35
 0.2227167D+02 0.3180479D+35 0.4035542D+35 0.5009533D+35
 0.2241065D+02 0.3041052D+35 0.3871458D+35 0.4821844D+35
 0.2255049D+02 0.2906604D+35 0.3712709D+35 0.4639657D+35
 0.2269121D+02 0.2777011D+35 0.3559181D+35 0.4462874D+35
 0.2283281D+02 0.2652151D+35 0.3410758D+35 0.4291397D+35
 0.2297529D+02 0.2531900D+35 0.3267327D+35 0.4125124D+35
 0.2311866D+02 0.2416136D+35 0.3128774D+35 0.3963956D+35
 0.2326293D+02 0.2304740D+35 0.2994986D+35 0.3807793D+35
 0.2340809D+02 0.2197592D+35 0.2865848D+35 0.3656534D+35
 0.2355417D+02 0.2094574D+35 0.2741249D+35 0.3510077D+35
 0.2370115D+02 0.1995568D+35 0.2621078D+35 0.3368324D+35
 0.2384905D+02 0.1900461D+35 0.2505222D+35 0.3231172D+35
 0.2399787D+02 0.1809138D+35 0.2393573D+35 0.3098522D+35
 0.2414762D+02 0.1721485D+35 0.2286020D+35 0.2970273D+35
 0.2429831D+02 0.1637394D+35 0.2182455D+35 0.2846325D+35
 0.2444994D+02 0.1556754D+35 0.2082772D+35 0.2726580D+35
 0.2460251D+02 0.1479458D+35 0.1986863D+35 0.2610938D+35
 0.2475604D+02 0.1405401D+35 0.1894624D+35 0.2499302D+35
 0.2491052D+02 0.1334478D+35 0.1805952D+35 0.2391572D+35
 0.2506597D+02 0.1266587D+35 0.1720743D+35 0.2287653D+35
 0.2522238D+02 0.1201628D+35 0.1638898D+35 0.2187447D+35
 0.2537978D+02 0.1139502D+35 0.1560315D+35 0.2090861D+35
 0.2553815D+02 0.1080114D+35 0.1484898D+35 0.1997798D+35
 0.2569752D+02 0.1023368D+35 0.1412549D+35 0.1908166D+35
 0.2585787D+02 0.9691717D+34 0.1343173D+35 0.1821871D+35
 0.2601923D+02 0.9174351D+34 0.1276676D+35 0.1738823D+35
 0.2618160D+02 0.8680693D+34 0.1212968D+35 0.1658931D+35
 0.2634498D+02 0.8209878D+34 0.1151956D+35 0.1582106D+35
 0.2650938D+02 0.7761061D+34 0.1093553D+35 0.1508258D+35
 0.2667480D+02 0.7333416D+34 0.1037671D+35 0.1437303D+35
 0.2684126D+02 0.6926139D+34 0.9842256D+34 0.1369153D+35
 0.2700875D+02 0.6538446D+34 0.9331329D+34 0.1303725D+35
 0.2717729D+02 0.6169574D+34 0.8843111D+34 0.1240935D+35
 0.2734688D+02 0.5818778D+34 0.8376804D+34 0.1180702D+35
 0.2751753D+02 0.5485335D+34 0.7931623D+34 0.1122945D+35
 0.2768925D+02 0.5168543D+34 0.7506804D+34 0.1067587D+35
 0.2786204D+02 0.4867718D+34 0.7101602D+34 0.1014549D+35
 0.2803590D+02 0.4582196D+34 0.6715286D+34 0.9637549D+34
 0.2821085D+02 0.4311335D+34 0.6347148D+34 0.9151311D+34
 0.2838689D+02 0.4054510D+34 0.5996494D+34 0.8686044D+34
 0.2856403D+02 0.3811117D+34 0.5662649D+34 0.8241032D+34
 0.2874228D+02 0.3580569D+34 0.5344957D+34 0.7815577D+34
 0.2892164D+02 0.3362301D+34 0.5042778D+34 0.7408993D+34
 0.2910212D+02 0.3155764D+34 0.4755491D+34 0.7020613D+34
 0.2928372D+02 0.2960428D+34 0.4482492D+34 0.6649783D+34
 0.2946646D+02 0.2775781D+34 0.4223196D+34 0.6295865D+34
 0.2965033D+02 0.2601329D+34 0.3977032D+34 0.5958236D+34
 0.2983536D+02 0.2436596D+34 0.3743450D+34 0.5636290D+34
 0.3002154D+02 0.2281123D+34 0.3521913D+34 0.5329434D+34
 0.3020888D+02 0.2134465D+34 0.3311904D+34 0.5037092D+34
 0.3039739D+02 0.1996198D+34 0.3112921D+34 0.4758703D+34
 0.3058707D+02 0.1865911D+34 0.2924478D+34 0.4493721D+34
 0.3077794D+02 0.1743209D+34 0.2746106D+34 0.4241615D+34
 0.3097001D+02 0.1627714D+34 0.2577352D+34 0.4001869D+34
 0.3116327D+02 0.1519061D+34 0.2417777D+34 0.3773982D+34
 0.3135773D+02 0.1416902D+34 0.2266958D+34 0.3557468D+34
 0.3155341D+02 0.1320900D+34 0.2124488D+34 0.3351854D+34
 0.3175031D+02 0.1230735D+34 0.1989973D+34 0.3156683D+34
 0.3194844D+02 0.1146098D+34 0.1863035D+34 0.2971512D+34
 0.3214780D+02 0.1066697D+34 0.1743309D+34 0.2795912D+34
 0.3234841D+02 0.9922478D+33 0.1630444D+34 0.2629467D+34
 0.3255027D+02 0.9224821D+33 0.1524103D+34 0.2471775D+34
 0.3275340D+02 0.8571424D+33 0.1423961D+34 0.2322448D+34
 0.3295778D+02 0.7959829D+33 0.1329707D+34 0.2181110D+34
 0.3316345D+02 0.7387692D+33 0.1241042D+34 0.2047399D+34
 0.3337039D+02 0.6852778D+33 0.1157680D+34 0.1920965D+34
 0.3357863D+02 0.6352956D+33 0.1079345D+34 0.1801471D+34
 0.3378817D+02 0.5886197D+33 0.1005775D+34 0.1688592D+34
 0.3399902D+02 0.5450572D+33 0.9367164D+33 0.1582015D+34
 0.3421118D+02 0.5044246D+33 0.8719293D+33 0.1481438D+34
 0.3442466D+02 0.4665472D+33 0.8111828D+33 0.1386570D+34
 0.3463948D+02 0.4312595D+33 0.7542564D+33 0.1297135D+34
 0.3485564D+02 0.3984043D+33 0.7009397D+33 0.1212862D+34
 0.3507315D+02 0.3678324D+33 0.6510318D+33 0.1133495D+34
 0.3529201D+02 0.3394026D+33 0.6043412D+33 0.1058786D+34
 0.3551224D+02 0.3129808D+33 0.5606853D+33 0.9884988D+33
 0.3573384D+02 0.2884405D+33 0.5198901D+33 0.9224058D+33
 0.3595683D+02 0.2656618D+33 0.4817903D+33 0.8602892D+33
 0.3618121D+02 0.2445315D+33 0.4462281D+33 0.8019405D+33
 0.3640699D+02 0.2249426D+33 0.4130540D+33 0.7471602D+33
 0.3663418D+02 0.2067941D+33 0.3821256D+33 0.6957574D+33
 0.3686278D+02 0.1899907D+33 0.3533079D+33 0.6475496D+33
 0.3709281D+02 0.1744427D+33 0.3264728D+33 0.6023626D+33
 0.3732428D+02 0.1600656D+33 0.3014986D+33 0.5600300D+33
 0.3755719D+02 0.1467798D+33 0.2782704D+33 0.5203932D+33
 0.3779156D+02 0.1345104D+33 0.2566790D+33 0.4833008D+33
 0.3802738D+02 0.1231870D+33 0.2366212D+33 0.4486085D+33
 0.3826468D+02 0.1127436D+33 0.2179996D+33 0.4161790D+33
 0.3850346D+02 0.1031182D+33 0.2007217D+33 0.3858817D+33
 0.3874373D+02 0.9425257D+32 0.1847007D+33 0.3575922D+33
 0.3898550D+02 0.8609222D+32 0.1698542D+33 0.3311923D+33
 0.3922878D+02 0.7858610D+32 0.1561047D+33 0.3065698D+33
 0.3947358D+02 0.7168642D+32 0.1433792D+33 0.2836181D+33
 0.3971990D+02 0.6534852D+32 0.1316088D+33 0.2622361D+33
 0.3996776D+02 0.5953062D+32 0.1207288D+33 0.2423280D+33
 0.4021717D+02 0.5419375D+32 0.1106782D+33 0.2238029D+33
 0.4046813D+02 0.4930152D+32 0.1013998D+33 0.2065747D+33
 0.4072066D+02 0.4482001D+32 0.9283974D+32 0.1905621D+33
 0.4097477D+02 0.4071761D+32 0.8494760D+32 0.1756882D+33
 0.4123046D+02 0.3696490D+32 0.7767601D+32 0.1618800D+33
 0.4148775D+02 0.3353450D+32 0.7098057D+32 0.1490690D+33
 0.4174664D+02 0.3040097D+32 0.6481973D+32 0.1371903D+33
 0.4200715D+02 0.2754067D+32 0.5915456D+32 0.1261826D+33
 0.4226928D+02 0.2493166D+32 0.5394868D+32 0.1159883D+33
 0.4253305D+02 0.2255358D+32 0.4916808D+32 0.1065531D+33
 0.4279847D+02 0.2038757D+32 0.4478099D+32 0.9782578D+32
 0.4306554D+02 0.1841618D+32 0.4075776D+32 0.8975827D+32
 0.4333428D+02 0.1662323D+32 0.3707075D+32 0.8230531D+32
 0.4360469D+02 0.1499380D+32 0.3369419D+32 0.7542440D+32
 0.4387680D+02 0.1351406D+32 0.3060408D+32 0.6907563D+32
 0.4415060D+02 0.1217129D+32 0.2777811D+32 0.6322155D+32
 0.4442611D+02 0.1095371D+32 0.2519550D+32 0.5782706D+32
 0.4470333D+02 0.9850508D+31 0.2283697D+32 0.5285926D+32
 0.4498229D+02 0.8851690D+31 0.2068461D+32 0.4828735D+32
 0.4526299D+02 0.7948079D+31 0.1872180D+32 0.4408251D+32
 0.4554544D+02 0.7131231D+31 0.1693314D+32 0.4021778D+32
 0.4582966D+02 0.6393390D+31 0.1530435D+32 0.3666800D+32
 0.4611564D+02 0.5727436D+31 0.1382223D+32 0.3340964D+32
 0.4640342D+02 0.5126839D+31 0.1247455D+32 0.3042076D+32
 0.4669298D+02 0.4585612D+31 0.1125002D+32 0.2768092D+32
 0.4698436D+02 0.4098276D+31 0.1013822D+32 0.2517104D+32
 0.4727755D+02 0.3659816D+31 0.9129524D+31 0.2287338D+32
 0.4757257D+02 0.3265647D+31 0.8215052D+31 0.2077142D+32
 0.4786944D+02 0.2911584D+31 0.7386629D+31 0.1884981D+32
 0.4816815D+02 0.2593805D+31 0.6636730D+31 0.1709428D+32
 0.4846873D+02 0.2308824D+31 0.5958430D+31 0.1549160D+32
 0.4877119D+02 0.2053469D+31 0.5345364D+31 0.1402946D+32
 0.4907553D+02 0.1824849D+31 0.4791688D+31 0.1269649D+32
 0.4938177D+02 0.1620335D+31 0.4292036D+31 0.1148211D+32
 0.4968992D+02 0.1437540D+31 0.3841491D+31 0.1037658D+32
 0.5000000D+02 0.1274295D+31 0.3435546D+31 0.9370842D+31
