 0.1000000D+00 0.1594242D+34
 0.1006240D+00 0.1613970D+34
 0.1012519D+00 0.1633940D+34
 0.1018838D+00 0.1654156D+34
 0.1025195D+00 0.1674621D+34
 0.1031593D+00 0.1695337D+34
 0.1038030D+00 0.1716308D+34
 0.1044508D+00 0.1737536D+34
 0.1051026D+00 0.1759026D+34
 0.1057584D+00 0.1780779D+34
 0.1064184D+00 0.1802800D+34
 0.1070825D+00 0.1825092D+34
 0.1077507D+00 0.1847657D+34
 0.1084231D+00 0.1870500D+34
 0.1090997D+00 0.1893623D+34
 0.1097805D+00 0.1917030D+34
 0.1104655D+00 0.1940725D+34
 0.1111549D+00 0.1964710D+34
 0.1118485D+00 0.1988990D+34
 0.1125464D+00 0.2013568D+34
 0.1132488D+00 0.2038448D+34
 0.1139555D+00 0.2063633D+34
 0.1146666D+00 0.2089127D+34
 0.1153821D+00 0.2114933D+34
 0.1161021D+00 0.2141057D+34
 0.1168266D+00 0.2167500D+34
 0.1175556D+00 0.2194268D+34
 0.1182892D+00 0.2221365D+34
 0.1190274D+00 0.2248793D+34
 0.1197701D+00 0.2276558D+34
 0.1205175D+00 0.2304663D+34
 0.1212696D+00 0.2333112D+34
 0.1220263D+00 0.2361910D+34
 0.1227878D+00 0.2391061D+34
 0.1235540D+00 0.2420569D+34
 0.1243250D+00 0.2450439D+34
 0.1251008D+00 0.2480674D+34
 0.1258815D+00 0.2511280D+34
 0.1266670D+00 0.2542260D+34
 0.1274574D+00 0.2573619D+34
 0.1282528D+00 0.2605363D+34
 0.1290531D+00 0.2637495D+34
 0.1298584D+00 0.2670020D+34
 0.1306688D+00 0.2702943D+34
 0.1314842D+00 0.2736268D+34
 0.1323047D+00 0.2770002D+34
 0.1331303D+00 0.2804148D+34
 0.1339611D+00 0.2838711D+34
 0.1347970D+00 0.2873697D+34
 0.1356382D+00 0.2909110D+34
 0.1364846D+00 0.2944957D+34
 0.1373363D+00 0.2981241D+34
 0.1381933D+00 0.3017969D+34
 0.1390556D+00 0.3055146D+34
 0.1399234D+00 0.3092776D+34
 0.1407965D+00 0.3130866D+34
 0.1416751D+00 0.3169421D+34
 0.1425592D+00 0.3208447D+34
 0.1434488D+00 0.3247950D+34
 0.1443440D+00 0.3287934D+34
 0.1452447D+00 0.3328406D+34
 0.1461511D+00 0.3369372D+34
 0.1470631D+00 0.3410838D+34
 0.1479808D+00 0.3452810D+34
 0.1489042D+00 0.3495293D+34
 0.1498334D+00 0.3538294D+34
 0.1507684D+00 0.3581820D+34
 0.1517092D+00 0.3625876D+34
 0.1526559D+00 0.3670468D+34
 0.1536085D+00 0.3715605D+34
 0.1545671D+00 0.3761291D+34
 0.1555316D+00 0.3807533D+34
 0.1565022D+00 0.3854338D+34
 0.1574788D+00 0.3901714D+34
 0.1584615D+00 0.3949666D+34
 0.1594503D+00 0.3998201D+34
 0.1604453D+00 0.4047328D+34
 0.1614465D+00 0.4097052D+34
 0.1624540D+00 0.4147381D+34
 0.1634677D+00 0.4198321D+34
 0.1644878D+00 0.4249882D+34
 0.1655143D+00 0.4302069D+34
 0.1665471D+00 0.4354890D+34
 0.1675864D+00 0.4408354D+34
 0.1686322D+00 0.4462467D+34
 0.1696845D+00 0.4517237D+34
 0.1707433D+00 0.4572673D+34
 0.1718088D+00 0.4628781D+34
 0.1728809D+00 0.4685571D+34
 0.1739598D+00 0.4743050D+34
 0.1750453D+00 0.4801227D+34
 0.1761376D+00 0.4860110D+34
 0.1772368D+00 0.4919707D+34
 0.1783428D+00 0.4980027D+34
 0.1794557D+00 0.5041078D+34
 0.1805755D+00 0.5102869D+34
 0.1817023D+00 0.5165409D+34
 0.1828362D+00 0.5228708D+34
 0.1839771D+00 0.5292773D+34
 0.1851252D+00 0.5357614D+34
 0.1862804D+00 0.5423240D+34
 0.1874428D+00 0.5489661D+34
 0.1886125D+00 0.5556886D+34
 0.1897895D+00 0.5624925D+34
 0.1909738D+00 0.5693787D+34
 0.1921655D+00 0.5763482D+34
 0.1933647D+00 0.5834020D+34
 0.1945713D+00 0.5905411D+34
 0.1957855D+00 0.5977665D+34
 0.1970073D+00 0.6050792D+34
 0.1982366D+00 0.6124803D+34
 0.1994737D+00 0.6199708D+34
 0.2007184D+00 0.6275518D+34
 0.2019709D+00 0.6352243D+34
 0.2032313D+00 0.6429894D+34
 0.2044995D+00 0.6508483D+34
 0.2057756D+00 0.6588019D+34
 0.2070597D+00 0.6668516D+34
 0.2083518D+00 0.6749983D+34
 0.2096520D+00 0.6832432D+34
 0.2109602D+00 0.6915876D+34
 0.2122767D+00 0.7000325D+34
 0.2136013D+00 0.7085792D+34
 0.2149342D+00 0.7172288D+34
 0.2162755D+00 0.7259826D+34
 0.2176251D+00 0.7348417D+34
 0.2189831D+00 0.7438075D+34
 0.2203496D+00 0.7528812D+34
 0.2217246D+00 0.7620641D+34
 0.2231083D+00 0.7713574D+34
 0.2245005D+00 0.7807624D+34
 0.2259014D+00 0.7902806D+34
 0.2273111D+00 0.7999130D+34
 0.2287296D+00 0.8096613D+34
 0.2301569D+00 0.8195266D+34
 0.2315931D+00 0.8295104D+34
 0.2330383D+00 0.8396140D+34
 0.2344925D+00 0.8498389D+34
 0.2359558D+00 0.8601864D+34
 0.2374282D+00 0.8706581D+34
 0.2389098D+00 0.8812553D+34
 0.2404007D+00 0.8919796D+34
 0.2419008D+00 0.9028324D+34
 0.2434104D+00 0.9138153D+34
 0.2449293D+00 0.9249297D+34
 0.2464577D+00 0.9361771D+34
 0.2479957D+00 0.9475593D+34
 0.2495432D+00 0.9590776D+34
 0.2511004D+00 0.9707337D+34
 0.2526673D+00 0.9825292D+34
 0.2542440D+00 0.9944658D+34
 0.2558306D+00 0.1006545D+35
 0.2574270D+00 0.1018769D+35
 0.2590334D+00 0.1031138D+35
 0.2606498D+00 0.1043655D+35
 0.2622763D+00 0.1056322D+35
 0.2639130D+00 0.1069140D+35
 0.2655599D+00 0.1082111D+35
 0.2672170D+00 0.1095236D+35
 0.2688845D+00 0.1108518D+35
 0.2705624D+00 0.1121959D+35
 0.2722508D+00 0.1135559D+35
 0.2739497D+00 0.1149321D+35
 0.2756592D+00 0.1163248D+35
 0.2773794D+00 0.1177340D+35
 0.2791103D+00 0.1191600D+35
 0.2808520D+00 0.1206029D+35
 0.2826046D+00 0.1220630D+35
 0.2843681D+00 0.1235404D+35
 0.2861426D+00 0.1250354D+35
 0.2879282D+00 0.1265482D+35
 0.2897249D+00 0.1280789D+35
 0.2915329D+00 0.1296278D+35
 0.2933521D+00 0.1311951D+35
 0.2951827D+00 0.1327810D+35
 0.2970247D+00 0.1343857D+35
 0.2988782D+00 0.1360094D+35
 0.3007432D+00 0.1376523D+35
 0.3026200D+00 0.1393147D+35
 0.3045084D+00 0.1409968D+35
 0.3064086D+00 0.1426988D+35
 0.3083206D+00 0.1444209D+35
 0.3102446D+00 0.1461634D+35
 0.3121806D+00 0.1479265D+35
 0.3141287D+00 0.1497104D+35
 0.3160889D+00 0.1515154D+35
 0.3180614D+00 0.1533417D+35
 0.3200461D+00 0.1551896D+35
 0.3220433D+00 0.1570593D+35
 0.3240529D+00 0.1589510D+35
 0.3260751D+00 0.1608650D+35
 0.3281099D+00 0.1628016D+35
 0.3301573D+00 0.1647610D+35
 0.3322176D+00 0.1667435D+35
 0.3342907D+00 0.1687493D+35
 0.3363768D+00 0.1707787D+35
 0.3384758D+00 0.1728320D+35
 0.3405880D+00 0.1749094D+35
 0.3427133D+00 0.1770113D+35
 0.3448519D+00 0.1791378D+35
 0.3470039D+00 0.1812893D+35
 0.3491693D+00 0.1834660D+35
 0.3513482D+00 0.1856683D+35
 0.3535406D+00 0.1878964D+35
 0.3557468D+00 0.1901506D+35
 0.3579668D+00 0.1924312D+35
 0.3602005D+00 0.1947385D+35
 0.3624483D+00 0.1970729D+35
 0.3647100D+00 0.1994345D+35
 0.3669859D+00 0.2018237D+35
 0.3692760D+00 0.2042409D+35
 0.3715803D+00 0.2066864D+35
 0.3738991D+00 0.2091603D+35
 0.3762323D+00 0.2116632D+35
 0.3785801D+00 0.2141953D+35
 0.3809425D+00 0.2167568D+35
 0.3833196D+00 0.2193483D+35
 0.3857116D+00 0.2219699D+35
 0.3881186D+00 0.2246221D+35
 0.3905405D+00 0.2273051D+35
 0.3929776D+00 0.2300193D+35
 0.3954298D+00 0.2327651D+35
 0.3978974D+00 0.2355428D+35
 0.4003804D+00 0.2383527D+35
 0.4028788D+00 0.2411953D+35
 0.4053929D+00 0.2440709D+35
 0.4079226D+00 0.2469798D+35
 0.4104682D+00 0.2499224D+35
 0.4130296D+00 0.2528991D+35
 0.4156070D+00 0.2559103D+35
 0.4182004D+00 0.2589563D+35
 0.4208101D+00 0.2620375D+35
 0.4234360D+00 0.2651544D+35
 0.4260784D+00 0.2683073D+35
 0.4287372D+00 0.2714965D+35
 0.4314126D+00 0.2747226D+35
 0.4341047D+00 0.2779859D+35
 0.4368136D+00 0.2812868D+35
 0.4395394D+00 0.2846258D+35
 0.4422823D+00 0.2880032D+35
 0.4450422D+00 0.2914194D+35
 0.4478194D+00 0.2948750D+35
 0.4506139D+00 0.2983702D+35
 0.4534258D+00 0.3019056D+35
 0.4562553D+00 0.3054816D+35
 0.4591024D+00 0.3090987D+35
 0.4619673D+00 0.3127572D+35
 0.4648501D+00 0.3164576D+35
 0.4677508D+00 0.3202004D+35
 0.4706697D+00 0.3239860D+35
 0.4736068D+00 0.3278150D+35
 0.4765622D+00 0.3316877D+35
 0.4795361D+00 0.3356047D+35
 0.4825285D+00 0.3395663D+35
 0.4855395D+00 0.3435732D+35
 0.4885694D+00 0.3476258D+35
 0.4916182D+00 0.3517245D+35
 0.4946860D+00 0.3558699D+35
 0.4977729D+00 0.3600625D+35
 0.5008792D+00 0.3643028D+35
 0.5040048D+00 0.3685912D+35
 0.5071499D+00 0.3729284D+35
 0.5103146D+00 0.3773147D+35
 0.5134991D+00 0.3817509D+35
 0.5167034D+00 0.3862372D+35
 0.5199277D+00 0.3907744D+35
 0.5231722D+00 0.3953630D+35
 0.5264369D+00 0.4000034D+35
 0.5297220D+00 0.4046963D+35
 0.5330276D+00 0.4094422D+35
 0.5363538D+00 0.4142416D+35
 0.5397008D+00 0.4190951D+35
 0.5430686D+00 0.4240034D+35
 0.5464575D+00 0.4289669D+35
 0.5498675D+00 0.4339862D+35
 0.5532988D+00 0.4390620D+35
 0.5567515D+00 0.4441948D+35
 0.5602257D+00 0.4493852D+35
 0.5637217D+00 0.4546338D+35
 0.5672394D+00 0.4599413D+35
 0.5707791D+00 0.4653081D+35
 0.5743409D+00 0.4707351D+35
 0.5779249D+00 0.4762227D+35
 0.5815313D+00 0.4817716D+35
 0.5851602D+00 0.4873825D+35
 0.5888117D+00 0.4930560D+35
 0.5924860D+00 0.4987927D+35
 0.5961833D+00 0.5045932D+35
 0.5999036D+00 0.5104583D+35
 0.6036471D+00 0.5163886D+35
 0.6074140D+00 0.5223848D+35
 0.6112044D+00 0.5284475D+35
 0.6150184D+00 0.5345774D+35
 0.6188563D+00 0.5407753D+35
 0.6227181D+00 0.5470417D+35
 0.6266040D+00 0.5533774D+35
 0.6305141D+00 0.5597832D+35
 0.6344487D+00 0.5662596D+35
 0.6384078D+00 0.5728075D+35
 0.6423916D+00 0.5794275D+35
 0.6464002D+00 0.5861204D+35
 0.6504339D+00 0.5928869D+35
 0.6544928D+00 0.5997278D+35
 0.6585769D+00 0.6066437D+35
 0.6626866D+00 0.6136355D+35
 0.6668219D+00 0.6207039D+35
 0.6709830D+00 0.6278496D+35
 0.6751701D+00 0.6350735D+35
 0.6793833D+00 0.6423763D+35
 0.6836228D+00 0.6497588D+35
 0.6878888D+00 0.6572218D+35
 0.6921813D+00 0.6647660D+35
 0.6965007D+00 0.6723924D+35
 0.7008470D+00 0.6801016D+35
 0.7052205D+00 0.6878945D+35
 0.7096212D+00 0.6957719D+35
 0.7140494D+00 0.7037347D+35
 0.7185052D+00 0.7117837D+35
 0.7229888D+00 0.7199197D+35
 0.7275004D+00 0.7281435D+35
 0.7320402D+00 0.7364561D+35
 0.7366083D+00 0.7448582D+35
 0.7412049D+00 0.7533507D+35
 0.7458302D+00 0.7619346D+35
 0.7504843D+00 0.7706107D+35
 0.7551675D+00 0.7793798D+35
 0.7598799D+00 0.7882428D+35
 0.7646217D+00 0.7972008D+35
 0.7693931D+00 0.8062545D+35
 0.7741943D+00 0.8154048D+35
 0.7790255D+00 0.8246527D+35
 0.7838868D+00 0.8339991D+35
 0.7887784D+00 0.8434450D+35
 0.7937005D+00 0.8529912D+35
 0.7986534D+00 0.8626387D+35
 0.8036372D+00 0.8723885D+35
 0.8086520D+00 0.8822415D+35
 0.8136982D+00 0.8921986D+35
 0.8187759D+00 0.9022609D+35
 0.8238852D+00 0.9124293D+35
 0.8290264D+00 0.9227048D+35
 0.8341997D+00 0.9330883D+35
 0.8394053D+00 0.9435809D+35
 0.8446434D+00 0.9541835D+35
 0.8499141D+00 0.9648972D+35
 0.8552178D+00 0.9757230D+35
 0.8605545D+00 0.9866619D+35
 0.8659246D+00 0.9977149D+35
 0.8713281D+00 0.1008883D+36
 0.8767654D+00 0.1020167D+36
 0.8822366D+00 0.1031569D+36
 0.8877420D+00 0.1043089D+36
 0.8932817D+00 0.1054728D+36
 0.8988560D+00 0.1066487D+36
 0.9044650D+00 0.1078368D+36
 0.9101091D+00 0.1090371D+36
 0.9157884D+00 0.1102498D+36
 0.9215031D+00 0.1114750D+36
 0.9272535D+00 0.1127127D+36
 0.9330397D+00 0.1139632D+36
 0.9388621D+00 0.1152264D+36
 0.9447208D+00 0.1165025D+36
 0.9506161D+00 0.1177917D+36
 0.9565481D+00 0.1190939D+36
 0.9625172D+00 0.1204094D+36
 0.9685235D+00 0.1217383D+36
 0.9745673D+00 0.1230806D+36
 0.9806488D+00 0.1244365D+36
 0.9867683D+00 0.1258061D+36
 0.9929259D+00 0.1271895D+36
 0.9991220D+00 0.1285869D+36
 0.1005357D+01 0.1299983D+36
 0.1011630D+01 0.1314238D+36
 0.1017943D+01 0.1328636D+36
 0.1024295D+01 0.1343178D+36
 0.1030687D+01 0.1357865D+36
 0.1037119D+01 0.1372698D+36
 0.1043591D+01 0.1387678D+36
 0.1050103D+01 0.1402808D+36
 0.1056656D+01 0.1418087D+36
 0.1063250D+01 0.1433517D+36
 0.1069885D+01 0.1449099D+36
 0.1076561D+01 0.1464834D+36
 0.1083279D+01 0.1480725D+36
 0.1090039D+01 0.1496771D+36
 0.1096841D+01 0.1512974D+36
 0.1103685D+01 0.1529335D+36
 0.1110573D+01 0.1545856D+36
 0.1117503D+01 0.1562538D+36
 0.1124476D+01 0.1579381D+36
 0.1131493D+01 0.1596388D+36
 0.1138554D+01 0.1613559D+36
 0.1145659D+01 0.1630895D+36
 0.1152808D+01 0.1648399D+36
 0.1160002D+01 0.1666070D+36
 0.1167240D+01 0.1683911D+36
 0.1174524D+01 0.1701922D+36
 0.1181854D+01 0.1720105D+36
 0.1189229D+01 0.1738462D+36
 0.1196650D+01 0.1756992D+36
 0.1204117D+01 0.1775698D+36
 0.1211631D+01 0.1794581D+36
 0.1219192D+01 0.1813642D+36
 0.1226800D+01 0.1832882D+36
 0.1234455D+01 0.1852302D+36
 0.1242159D+01 0.1871905D+36
 0.1249910D+01 0.1891690D+36
 0.1257710D+01 0.1911659D+36
 0.1265558D+01 0.1931814D+36
 0.1273455D+01 0.1952156D+36
 0.1281402D+01 0.1972686D+36
 0.1289398D+01 0.1993405D+36
 0.1297444D+01 0.2014314D+36
 0.1305541D+01 0.2035415D+36
 0.1313688D+01 0.2056709D+36
 0.1321885D+01 0.2078197D+36
 0.1330134D+01 0.2099881D+36
 0.1338434D+01 0.2121760D+36
 0.1346787D+01 0.2143838D+36
 0.1355191D+01 0.2166115D+36
 0.1363647D+01 0.2188592D+36
 0.1372157D+01 0.2211270D+36
 0.1380719D+01 0.2234151D+36
 0.1389335D+01 0.2257236D+36
 0.1398005D+01 0.2280526D+36
 0.1406729D+01 0.2304022D+36
 0.1415507D+01 0.2327725D+36
 0.1424340D+01 0.2351637D+36
 0.1433229D+01 0.2375758D+36
 0.1442172D+01 0.2400090D+36
 0.1451172D+01 0.2424635D+36
 0.1460227D+01 0.2449392D+36
 0.1469340D+01 0.2474364D+36
 0.1478509D+01 0.2499551D+36
 0.1487735D+01 0.2524954D+36
 0.1497019D+01 0.2550575D+36
 0.1506360D+01 0.2576415D+36
 0.1515760D+01 0.2602474D+36
 0.1525219D+01 0.2628754D+36
 0.1534737D+01 0.2655256D+36
 0.1544314D+01 0.2681981D+36
 0.1553951D+01 0.2708930D+36
 0.1563648D+01 0.2736104D+36
 0.1573405D+01 0.2763503D+36
 0.1583223D+01 0.2791130D+36
 0.1593103D+01 0.2818985D+36
 0.1603044D+01 0.2847068D+36
 0.1613048D+01 0.2875381D+36
 0.1623114D+01 0.2903925D+36
 0.1633242D+01 0.2932701D+36
 0.1643434D+01 0.2961709D+36
 0.1653689D+01 0.2990950D+36
 0.1664009D+01 0.3020426D+36
 0.1674392D+01 0.3050137D+36
 0.1684841D+01 0.3080083D+36
 0.1695355D+01 0.3110267D+36
 0.1705934D+01 0.3140688D+36
 0.1716580D+01 0.3171347D+36
 0.1727291D+01 0.3202245D+36
 0.1738070D+01 0.3233383D+36
 0.1748916D+01 0.3264761D+36
 0.1759830D+01 0.3296380D+36
 0.1770811D+01 0.3328241D+36
 0.1781862D+01 0.3360344D+36
 0.1792981D+01 0.3392690D+36
 0.1804169D+01 0.3425279D+36
 0.1815428D+01 0.3458112D+36
 0.1826757D+01 0.3491190D+36
 0.1838156D+01 0.3524512D+36
 0.1849626D+01 0.3558080D+36
 0.1861168D+01 0.3591894D+36
 0.1872783D+01 0.3625954D+36
 0.1884469D+01 0.3660260D+36
 0.1896229D+01 0.3694813D+36
 0.1908062D+01 0.3729613D+36
 0.1919968D+01 0.3764660D+36
 0.1931949D+01 0.3799955D+36
 0.1944005D+01 0.3835498D+36
 0.1956136D+01 0.3871289D+36
 0.1968343D+01 0.3907327D+36
 0.1980626D+01 0.3943614D+36
 0.1992985D+01 0.3980148D+36
 0.2005422D+01 0.4016931D+36
 0.2017936D+01 0.4053962D+36
 0.2030529D+01 0.4091240D+36
 0.2043199D+01 0.4128767D+36
 0.2055949D+01 0.4166540D+36
 0.2068779D+01 0.4204562D+36
 0.2081689D+01 0.4242830D+36
 0.2094679D+01 0.4281345D+36
 0.2107750D+01 0.4320106D+36
 0.2120903D+01 0.4359113D+36
 0.2134138D+01 0.4398366D+36
 0.2147455D+01 0.4437864D+36
 0.2160856D+01 0.4477606D+36
 0.2174340D+01 0.4517592D+36
 0.2187908D+01 0.4557821D+36
 0.2201562D+01 0.4598292D+36
 0.2215300D+01 0.4639006D+36
 0.2229124D+01 0.4679959D+36
 0.2243034D+01 0.4721153D+36
 0.2257031D+01 0.4762586D+36
 0.2271115D+01 0.4804256D+36
 0.2285288D+01 0.4846164D+36
 0.2299548D+01 0.4888307D+36
 0.2313898D+01 0.4930685D+36
 0.2328337D+01 0.4973295D+36
 0.2342866D+01 0.5016138D+36
 0.2357486D+01 0.5059212D+36
 0.2372198D+01 0.5102514D+36
 0.2387001D+01 0.5146045D+36
 0.2401896D+01 0.5189801D+36
 0.2416885D+01 0.5233781D+36
 0.2431966D+01 0.5277984D+36
 0.2447142D+01 0.5322408D+36
 0.2462413D+01 0.5367051D+36
 0.2477779D+01 0.5411911D+36
 0.2493241D+01 0.5456986D+36
 0.2508799D+01 0.5502274D+36
 0.2524455D+01 0.5547773D+36
 0.2540208D+01 0.5593480D+36
 0.2556059D+01 0.5639393D+36
 0.2572010D+01 0.5685510D+36
 0.2588060D+01 0.5731828D+36
 0.2604210D+01 0.5778344D+36
 0.2620461D+01 0.5825057D+36
 0.2636813D+01 0.5871963D+36
 0.2653267D+01 0.5919060D+36
 0.2669824D+01 0.5966344D+36
 0.2686484D+01 0.6013812D+36
 0.2703249D+01 0.6061462D+36
 0.2720117D+01 0.6109290D+36
 0.2737092D+01 0.6157293D+36
 0.2754172D+01 0.6205468D+36
 0.2771358D+01 0.6253811D+36
 0.2788652D+01 0.6302318D+36
 0.2806054D+01 0.6350986D+36
 0.2823564D+01 0.6399812D+36
 0.2841184D+01 0.6448791D+36
 0.2858914D+01 0.6497919D+36
 0.2876754D+01 0.6547193D+36
 0.2894705D+01 0.6596608D+36
 0.2912769D+01 0.6646160D+36
 0.2930945D+01 0.6695845D+36
 0.2949235D+01 0.6745658D+36
 0.2967639D+01 0.6795595D+36
 0.2986158D+01 0.6845651D+36
 0.3004792D+01 0.6895821D+36
 0.3023543D+01 0.6946100D+36
 0.3042410D+01 0.6996484D+36
 0.3061395D+01 0.7046967D+36
 0.3080499D+01 0.7097545D+36
 0.3099722D+01 0.7148211D+36
 0.3119065D+01 0.7198961D+36
 0.3138529D+01 0.7249789D+36
 0.3158114D+01 0.7300689D+36
 0.3177821D+01 0.7351656D+36
 0.3197651D+01 0.7402684D+36
 0.3217605D+01 0.7453766D+36
 0.3237684D+01 0.7504897D+36
 0.3257888D+01 0.7556071D+36
 0.3278218D+01 0.7607281D+36
 0.3298675D+01 0.7658520D+36
 0.3319259D+01 0.7709783D+36
 0.3339972D+01 0.7761063D+36
 0.3360814D+01 0.7812352D+36
 0.3381786D+01 0.7863644D+36
 0.3402889D+01 0.7914932D+36
 0.3424124D+01 0.7966209D+36
 0.3445492D+01 0.8017467D+36
 0.3466992D+01 0.8068700D+36
 0.3488627D+01 0.8119899D+36
 0.3510397D+01 0.8171057D+36
 0.3532302D+01 0.8222167D+36
 0.3554345D+01 0.8273220D+36
 0.3576525D+01 0.8324209D+36
 0.3598843D+01 0.8375125D+36
 0.3621300D+01 0.8425961D+36
 0.3643898D+01 0.8476708D+36
 0.3666637D+01 0.8527357D+36
 0.3689517D+01 0.8577900D+36
 0.3712541D+01 0.8628328D+36
 0.3735708D+01 0.8678633D+36
 0.3759020D+01 0.8728806D+36
 0.3782477D+01 0.8778838D+36
 0.3806080D+01 0.8828719D+36
 0.3829831D+01 0.8878440D+36
 0.3853730D+01 0.8927992D+36
 0.3877778D+01 0.8977366D+36
 0.3901976D+01 0.9026552D+36
 0.3926325D+01 0.9075540D+36
 0.3950827D+01 0.9124321D+36
 0.3975481D+01 0.9172884D+36
 0.4000288D+01 0.9221219D+36
 0.4025251D+01 0.9269317D+36
 0.4050370D+01 0.9317168D+36
 0.4075645D+01 0.9364760D+36
 0.4101078D+01 0.9412083D+36
 0.4126669D+01 0.9459128D+36
 0.4152421D+01 0.9505883D+36
 0.4178333D+01 0.9552338D+36
 0.4204406D+01 0.9598481D+36
 0.4230643D+01 0.9644302D+36
 0.4257043D+01 0.9689791D+36
 0.4283608D+01 0.9734935D+36
 0.4310338D+01 0.9779724D+36
 0.4337236D+01 0.9824146D+36
 0.4364301D+01 0.9868190D+36
 0.4391535D+01 0.9911845D+36
 0.4418939D+01 0.9955099D+36
 0.4446515D+01 0.9997941D+36
 0.4474262D+01 0.1004036D+37
 0.4502182D+01 0.1008234D+37
 0.4530277D+01 0.1012388D+37
 0.4558547D+01 0.1016495D+37
 0.4586993D+01 0.1020556D+37
 0.4615617D+01 0.1024568D+37
 0.4644419D+01 0.1028530D+37
 0.4673402D+01 0.1032442D+37
 0.4702565D+01 0.1036302D+37
 0.4731910D+01 0.1040109D+37
 0.4761438D+01 0.1043862D+37
 0.4791150D+01 0.1047559D+37
 0.4821048D+01 0.1051199D+37
 0.4851132D+01 0.1054781D+37
 0.4881405D+01 0.1058304D+37
 0.4911866D+01 0.1061766D+37
 0.4942517D+01 0.1065167D+37
 0.4973359D+01 0.1068505D+37
 0.5004394D+01 0.1071778D+37
 0.5035622D+01 0.1074987D+37
 0.5067046D+01 0.1078128D+37
 0.5098665D+01 0.1081202D+37
 0.5130482D+01 0.1084207D+37
 0.5162497D+01 0.1087141D+37
 0.5194712D+01 0.1090004D+37
 0.5227129D+01 0.1092794D+37
 0.5259747D+01 0.1095511D+37
 0.5292569D+01 0.1098152D+37
 0.5325596D+01 0.1100716D+37
 0.5358829D+01 0.1103203D+37
 0.5392269D+01 0.1105612D+37
 0.5425918D+01 0.1107940D+37
 0.5459777D+01 0.1110187D+37
 0.5493847D+01 0.1112352D+37
 0.5528130D+01 0.1114434D+37
 0.5562627D+01 0.1116430D+37
 0.5597339D+01 0.1118341D+37
 0.5632267D+01 0.1120165D+37
 0.5667414D+01 0.1121902D+37
 0.5702780D+01 0.1123549D+37
 0.5738366D+01 0.1125105D+37
 0.5774175D+01 0.1126571D+37
 0.5810207D+01 0.1127944D+37
 0.5846464D+01 0.1129223D+37
 0.5882947D+01 0.1130408D+37
 0.5919658D+01 0.1131497D+37
 0.5956598D+01 0.1132490D+37
 0.5993768D+01 0.1133386D+37
 0.6031171D+01 0.1134182D+37
 0.6068807D+01 0.1134880D+37
 0.6106677D+01 0.1135477D+37
 0.6144784D+01 0.1135972D+37
 0.6183129D+01 0.1136365D+37
 0.6221713D+01 0.1136656D+37
 0.6260538D+01 0.1136842D+37
 0.6299605D+01 0.1136923D+37
 0.6338916D+01 0.1136899D+37
 0.6378472D+01 0.1136769D+37
 0.6418275D+01 0.1136531D+37
 0.6458327D+01 0.1136185D+37
 0.6498628D+01 0.1135731D+37
 0.6539181D+01 0.1135167D+37
 0.6579987D+01 0.1134494D+37
 0.6621048D+01 0.1133710D+37
 0.6662364D+01 0.1132815D+37
 0.6703939D+01 0.1131808D+37
 0.6745773D+01 0.1130689D+37
 0.6787868D+01 0.1129457D+37
 0.6830226D+01 0.1128112D+37
 0.6872848D+01 0.1126653D+37
 0.6915736D+01 0.1125080D+37
 0.6958892D+01 0.1123393D+37
 0.7002317D+01 0.1121591D+37
 0.7046013D+01 0.1119674D+37
 0.7089981D+01 0.1117641D+37
 0.7134224D+01 0.1115493D+37
 0.7178744D+01 0.1113230D+37
 0.7223541D+01 0.1110850D+37
 0.7268617D+01 0.1108354D+37
 0.7313975D+01 0.1105743D+37
 0.7359616D+01 0.1103015D+37
 0.7405541D+01 0.1100171D+37
 0.7451753D+01 0.1097210D+37
 0.7498254D+01 0.1094134D+37
 0.7545045D+01 0.1090942D+37
 0.7592127D+01 0.1087635D+37
 0.7639504D+01 0.1084211D+37
 0.7687176D+01 0.1080673D+37
 0.7735146D+01 0.1077019D+37
 0.7783415D+01 0.1073251D+37
 0.7831985D+01 0.1069369D+37
 0.7880858D+01 0.1065373D+37
 0.7930037D+01 0.1061263D+37
 0.7979522D+01 0.1057041D+37
 0.8029316D+01 0.1052706D+37
 0.8079420D+01 0.1048260D+37
 0.8129838D+01 0.1043703D+37
 0.8180570D+01 0.1039035D+37
 0.8231618D+01 0.1034258D+37
 0.8282985D+01 0.1029372D+37
 0.8334673D+01 0.1024378D+37
 0.8386683D+01 0.1019277D+37
 0.8439018D+01 0.1014069D+37
 0.8491679D+01 0.1008757D+37
 0.8544669D+01 0.1003340D+37
 0.8597990D+01 0.9978203D+36
 0.8651643D+01 0.9921984D+36
 0.8705631D+01 0.9864757D+36
 0.8759956D+01 0.9806533D+36
 0.8814620D+01 0.9747324D+36
 0.8869625D+01 0.9687144D+36
 0.8924974D+01 0.9626005D+36
 0.8980668D+01 0.9563921D+36
 0.9036709D+01 0.9500907D+36
 0.9093100D+01 0.9436977D+36
 0.9149843D+01 0.9372146D+36
 0.9206940D+01 0.9306429D+36
 0.9264393D+01 0.9239843D+36
 0.9322205D+01 0.9172403D+36
 0.9380378D+01 0.9104126D+36
 0.9438913D+01 0.9035029D+36
 0.9497814D+01 0.8965130D+36
 0.9557083D+01 0.8894446D+36
 0.9616721D+01 0.8822996D+36
 0.9676731D+01 0.8750797D+36
 0.9737116D+01 0.8677870D+36
 0.9797878D+01 0.8604234D+36
 0.9859019D+01 0.8529907D+36
 0.9920541D+01 0.8454910D+36
 0.9982448D+01 0.8379263D+36
 0.1004474D+02 0.8302987D+36
 0.1010742D+02 0.8226103D+36
 0.1017049D+02 0.8148631D+36
 0.1023396D+02 0.8070594D+36
 0.1029782D+02 0.7992013D+36
 0.1036208D+02 0.7912909D+36
 0.1042674D+02 0.7833307D+36
 0.1049181D+02 0.7753226D+36
 0.1055728D+02 0.7672692D+36
 0.1062316D+02 0.7591726D+36
 0.1068945D+02 0.7510351D+36
 0.1075616D+02 0.7428592D+36
 0.1082328D+02 0.7346470D+36
 0.1089082D+02 0.7264011D+36
 0.1095878D+02 0.7181238D+36
 0.1102716D+02 0.7098174D+36
 0.1109597D+02 0.7014844D+36
 0.1116522D+02 0.6931272D+36
 0.1123489D+02 0.6847482D+36
 0.1130500D+02 0.6763498D+36
 0.1137554D+02 0.6679346D+36
 0.1144653D+02 0.6595048D+36
 0.1151796D+02 0.6510630D+36
 0.1158983D+02 0.6426116D+36
 0.1166216D+02 0.6341531D+36
 0.1173493D+02 0.6256899D+36
 0.1180816D+02 0.6172244D+36
 0.1188184D+02 0.6087590D+36
 0.1195599D+02 0.6002963D+36
 0.1203060D+02 0.5918386D+36
 0.1210567D+02 0.5833883D+36
 0.1218121D+02 0.5749479D+36
 0.1225723D+02 0.5665196D+36
 0.1233371D+02 0.5581060D+36
 0.1241068D+02 0.5497093D+36
 0.1248812D+02 0.5413318D+36
 0.1256605D+02 0.5329760D+36
 0.1264447D+02 0.5246441D+36
 0.1272337D+02 0.5163384D+36
 0.1280277D+02 0.5080611D+36
 0.1288266D+02 0.4998144D+36
 0.1296305D+02 0.4916007D+36
 0.1304394D+02 0.4834220D+36
 0.1312534D+02 0.4752805D+36
 0.1320725D+02 0.4671783D+36
 0.1328966D+02 0.4591176D+36
 0.1337259D+02 0.4511003D+36
 0.1345604D+02 0.4431285D+36
 0.1354001D+02 0.4352041D+36
 0.1362450D+02 0.4273291D+36
 0.1370952D+02 0.4195055D+36
 0.1379507D+02 0.4117350D+36
 0.1388116D+02 0.4040196D+36
 0.1396778D+02 0.3963610D+36
 0.1405494D+02 0.3887609D+36
 0.1414265D+02 0.3812211D+36
 0.1423090D+02 0.3737431D+36
 0.1431970D+02 0.3663287D+36
 0.1440906D+02 0.3589794D+36
 0.1449898D+02 0.3516967D+36
 0.1458945D+02 0.3444821D+36
 0.1468049D+02 0.3373369D+36
 0.1477210D+02 0.3302627D+36
 0.1486429D+02 0.3232606D+36
 0.1495704D+02 0.3163321D+36
 0.1505038D+02 0.3094782D+36
 0.1514429D+02 0.3027001D+36
 0.1523880D+02 0.2959991D+36
 0.1533389D+02 0.2893761D+36
 0.1542958D+02 0.2828321D+36
 0.1552586D+02 0.2763682D+36
 0.1562275D+02 0.2699852D+36
 0.1572024D+02 0.2636840D+36
 0.1581833D+02 0.2574653D+36
 0.1591704D+02 0.2513300D+36
 0.1601637D+02 0.2452787D+36
 0.1611632D+02 0.2393120D+36
 0.1621688D+02 0.2334306D+36
 0.1631808D+02 0.2276350D+36
 0.1641991D+02 0.2219255D+36
 0.1652237D+02 0.2163028D+36
 0.1662548D+02 0.2107671D+36
 0.1672922D+02 0.2053187D+36
 0.1683362D+02 0.1999579D+36
 0.1693866D+02 0.1946850D+36
 0.1704436D+02 0.1895001D+36
 0.1715072D+02 0.1844033D+36
 0.1725775D+02 0.1793946D+36
 0.1736544D+02 0.1744741D+36
 0.1747381D+02 0.1696418D+36
 0.1758285D+02 0.1648975D+36
 0.1769257D+02 0.1602411D+36
 0.1780297D+02 0.1556724D+36
 0.1791407D+02 0.1511913D+36
 0.1802585D+02 0.1467974D+36
 0.1813834D+02 0.1424904D+36
 0.1825153D+02 0.1382700D+36
 0.1836542D+02 0.1341357D+36
 0.1848002D+02 0.1300871D+36
 0.1859534D+02 0.1261238D+36
 0.1871138D+02 0.1222451D+36
 0.1882815D+02 0.1184506D+36
 0.1894564D+02 0.1147396D+36
 0.1906386D+02 0.1111115D+36
 0.1918283D+02 0.1075656D+36
 0.1930253D+02 0.1041013D+36
 0.1942298D+02 0.1007177D+36
 0.1954419D+02 0.9741416D+35
 0.1966615D+02 0.9418981D+35
 0.1978887D+02 0.9104384D+35
 0.1991235D+02 0.8797540D+35
 0.2003661D+02 0.8498359D+35
 0.2016164D+02 0.8206752D+35
 0.2028746D+02 0.7922624D+35
 0.2041406D+02 0.7645881D+35
 0.2054144D+02 0.7376424D+35
 0.2066963D+02 0.7114153D+35
 0.2079861D+02 0.6858967D+35
 0.2092840D+02 0.6610763D+35
 0.2105899D+02 0.6369434D+35
 0.2119041D+02 0.6134876D+35
 0.2132264D+02 0.5906979D+35
 0.2145570D+02 0.5685634D+35
 0.2158959D+02 0.5470732D+35
 0.2172431D+02 0.5262159D+35
 0.2185987D+02 0.5059805D+35
 0.2199629D+02 0.4863556D+35
 0.2213355D+02 0.4673297D+35
 0.2227167D+02 0.4488916D+35
 0.2241065D+02 0.4310296D+35
 0.2255049D+02 0.4137323D+35
 0.2269121D+02 0.3969881D+35
 0.2283281D+02 0.3807855D+35
 0.2297529D+02 0.3651129D+35
 0.2311866D+02 0.3499588D+35
 0.2326293D+02 0.3353117D+35
 0.2340809D+02 0.3211600D+35
 0.2355417D+02 0.3074925D+35
 0.2370115D+02 0.2942975D+35
 0.2384905D+02 0.2815638D+35
 0.2399787D+02 0.2692801D+35
 0.2414762D+02 0.2574352D+35
 0.2429831D+02 0.2460180D+35
 0.2444994D+02 0.2350174D+35
 0.2460251D+02 0.2244225D+35
 0.2475604D+02 0.2142225D+35
 0.2491052D+02 0.2044066D+35
 0.2506597D+02 0.1949643D+35
 0.2522238D+02 0.1858850D+35
 0.2537978D+02 0.1771584D+35
 0.2553815D+02 0.1687743D+35
 0.2569752D+02 0.1607226D+35
 0.2585787D+02 0.1529933D+35
 0.2601923D+02 0.1455768D+35
 0.2618160D+02 0.1384633D+35
 0.2634498D+02 0.1316434D+35
 0.2650938D+02 0.1251077D+35
 0.2667480D+02 0.1188472D+35
 0.2684126D+02 0.1128528D+35
 0.2700875D+02 0.1071157D+35
 0.2717729D+02 0.1016273D+35
 0.2734688D+02 0.9637913D+34
 0.2751753D+02 0.9136286D+34
 0.2768925D+02 0.8657040D+34
 0.2786204D+02 0.8199381D+34
 0.2803590D+02 0.7762533D+34
 0.2821085D+02 0.7345739D+34
 0.2838689D+02 0.6948258D+34
 0.2856403D+02 0.6569370D+34
 0.2874228D+02 0.6208371D+34
 0.2892164D+02 0.5864575D+34
 0.2910212D+02 0.5537314D+34
 0.2928372D+02 0.5225940D+34
 0.2946646D+02 0.4929820D+34
 0.2965033D+02 0.4648340D+34
 0.2983536D+02 0.4380903D+34
 0.3002154D+02 0.4126930D+34
 0.3020888D+02 0.3885860D+34
 0.3039739D+02 0.3657148D+34
 0.3058707D+02 0.3440265D+34
 0.3077794D+02 0.3234700D+34
 0.3097001D+02 0.3039959D+34
 0.3116327D+02 0.2855562D+34
 0.3135773D+02 0.2681047D+34
 0.3155341D+02 0.2515968D+34
 0.3175031D+02 0.2359892D+34
 0.3194844D+02 0.2212403D+34
 0.3214780D+02 0.2073099D+34
 0.3234841D+02 0.1941594D+34
 0.3255027D+02 0.1817515D+34
 0.3275340D+02 0.1700502D+34
 0.3295778D+02 0.1590212D+34
 0.3316345D+02 0.1486312D+34
 0.3337039D+02 0.1388483D+34
 0.3357863D+02 0.1296420D+34
 0.3378817D+02 0.1209828D+34
 0.3399902D+02 0.1128427D+34
 0.3421118D+02 0.1051945D+34
 0.3442466D+02 0.9801260D+33
 0.3463948D+02 0.9127210D+33
 0.3485564D+02 0.8494936D+33
 0.3507315D+02 0.7902178D+33
 0.3529201D+02 0.7346772D+33
 0.3551224D+02 0.6826656D+33
 0.3573384D+02 0.6339860D+33
 0.3595683D+02 0.5884507D+33
 0.3618121D+02 0.5458806D+33
 0.3640699D+02 0.5061056D+33
 0.3663418D+02 0.4689632D+33
 0.3686278D+02 0.4342994D+33
 0.3709281D+02 0.4019675D+33
 0.3732428D+02 0.3718283D+33
 0.3755719D+02 0.3437495D+33
 0.3779156D+02 0.3176057D+33
 0.3802738D+02 0.2932781D+33
 0.3826468D+02 0.2706541D+33
 0.3850346D+02 0.2496269D+33
 0.3874373D+02 0.2300958D+33
 0.3898550D+02 0.2119652D+33
 0.3922878D+02 0.1951451D+33
 0.3947358D+02 0.1795504D+33
 0.3971990D+02 0.1651007D+33
 0.3996776D+02 0.1517204D+33
 0.4021717D+02 0.1393380D+33
 0.4046813D+02 0.1278863D+33
 0.4072066D+02 0.1173021D+33
 0.4097477D+02 0.1075260D+33
 0.4123046D+02 0.9850195D+32
 0.4148775D+02 0.9017757D+32
 0.4174664D+02 0.8250358D+32
 0.4200715D+02 0.7543377D+32
 0.4226928D+02 0.6892487D+32
 0.4253305D+02 0.6293634D+32
 0.4279847D+02 0.5743023D+32
 0.4306554D+02 0.5237107D+32
 0.4333428D+02 0.4772571D+32
 0.4360469D+02 0.4346319D+32
 0.4387680D+02 0.3955462D+32
 0.4415060D+02 0.3597308D+32
 0.4442611D+02 0.3269345D+32
 0.4470333D+02 0.2969237D+32
 0.4498229D+02 0.2694810D+32
 0.4526299D+02 0.2444042D+32
 0.4554544D+02 0.2215056D+32
 0.4582966D+02 0.2006108D+32
 0.4611564D+02 0.1815580D+32
 0.4640342D+02 0.1641974D+32
 0.4669298D+02 0.1483902D+32
 0.4698436D+02 0.1340077D+32
 0.4727755D+02 0.1209312D+32
 0.4757257D+02 0.1090508D+32
 0.4786944D+02 0.9826516D+31
 0.4816815D+02 0.8848064D+31
 0.4846873D+02 0.7961099D+31
 0.4877119D+02 0.7157673D+31
 0.4907553D+02 0.6430470D+31
 0.4938177D+02 0.5772761D+31
 0.4968992D+02 0.5178362D+31
 0.5000000D+02 0.4641595D+31
